0.4283803439809102
0.4283803439809102
0.4283803439809102
0.4043754867710083
0.4043754867710083
0.4043754867710083
0.4085860981471904
0.36779764090211686
0.3421023653163769
0.34774788292470316
0.34774788292470316
0.34774788292470316
0.34774788292470316
0.34774788292470316
0.3199149995157577
0.3199149995157577
0.3092174248551298
0.3092174248551298
0.3092174248551298
0.3092174248551298
0.3092174248551298
0.2803078312303817
0.26751224053844325
0.26751224053844325
0.26751224053844325
0.2748291755648327
0.2748291755648327
0.2748291755648327
0.2748291755648327
0.2748291755648327
0.15463072541245892
