# best objective after each generation, last line after the polish | 55 generations run of 100 (GA)
0.18403211873200456
0.18403211873200456
0.16909675404883934
0.16909675404883934
0.16909675404883934
0.16909675404883934
0.16909675404883934
0.16909675404883934
0.16909675404883934
0.16398902563435636
0.14783918474373114
0.1471151186112889
0.1471151186112889
0.1471151186112889
0.14259151184033378
0.14259151184033378
0.14259151184033378
0.14259151184033378
0.14259151184033378
0.14259151184033378
0.14011184960369577
0.1374192172884353
0.1374192172884353
0.1374192172884353
0.13523487921978666
0.13523487921978666
0.1352184497078615
0.1352184497078615
0.1352184497078615
0.1338373600126106
0.1338373600126106
0.1338181603575837
0.13339787899531833
0.13339787899531833
0.13339787899531833
0.1324478268683416
0.1324478268683416
0.1324478268683416
0.1324478268683416
0.1324478268683416
0.1324478268683416
0.1324478268683416
0.1324478268683416
0.13210184631771293
0.13210184631771293
0.13187303519929625
0.13187303519929625
0.13187303519929625
0.13187303519929625
0.13187303519929625
0.13187303519929625
0.13187303519929625
0.13187303519929625
0.13187303519929625
0.13187303519929625
0.11355363705964454
