# best objective after each generation, last line after the polish | 100 generations run of 100 (DE)
0.2532937958159557
0.2532937958159557
0.2532937958159557
0.2357185462461847
0.2357185462461847
0.2357185462461847
0.22824014185134628
0.21902180019432294
0.20083527739689
0.19256951155994845
0.19256951155994845
0.19256951155994845
0.19256951155994845
0.19256951155994845
0.18249308692328337
0.18249308692328337
0.1793930590625862
0.1793930590625862
0.1793930590625862
0.1793930590625862
0.1793930590625862
0.17318485557502739
0.1590169851274902
0.1590169851274902
0.1590169851274902
0.15463072541245892
0.15463072541245892
0.15463072541245892
0.15463072541245892
0.15463072541245892
0.15463072541245892
0.15463072541245892
0.15463072541245892
0.15463072541245892
0.15233576190775894
0.15233576190775894
0.15233576190775894
0.15233576190775894
0.15135718427468187
0.15135718427468187
0.15118456689201973
0.14624327309755497
0.14624327309755497
0.14624327309755497
0.14624327309755497
0.14624327309755497
0.14624327309755497
0.14624327309755497
0.14624327309755497
0.14624327309755497
0.14624327309755497
0.14462190730897176
0.14462190730897176
0.14462190730897176
0.1397419439436497
0.1387336472700255
0.1369425209422169
0.1369425209422169
0.13535113892413086
0.13258646593351514
0.13245664207054164
0.13245664207054164
0.13245664207054164
0.13245664207054164
0.12843687672915577
0.12843687672915577
0.12843687672915577
0.12843687672915577
0.12843687672915577
0.12843687672915577
0.12801744335292034
0.12801744335292034
0.12801744335292034
0.12700512337352735
0.12700512337352735
0.12700512337352735
0.12700512337352735
0.12700512337352735
0.12700512337352735
0.1229278501303533
0.12145024900508256
0.12145024900508256
0.12145024900508256
0.12145024900508256
0.12145024900508256
0.12145024900508256
0.12145024900508256
0.12145024900508256
0.12145024900508256
0.12145024900508256
0.12145024900508256
0.12145024900508256
0.12145024900508256
0.12145024900508256
0.12145024900508256
0.12145024900508256
0.12145024900508256
0.12145024900508256
0.12074365348425917
0.12074365348425917
0.1118916367953261
