0.46245133289774953
0.46245133289774953
0.46245133289774953
0.3903651581715541
0.3881248232519285
0.3094786709403332
0.3094786709403332
0.30453579911515716
0.30453579911515716
0.28583432066690156
0.2811680440383214
0.2765623962905045
0.25981606123655343
0.24093877871303315
0.24093877871303315
0.23725372640740044
0.23725372640740044
0.23725372640740044
0.23339421459365642
0.224074251898712
0.224074251898712
0.2179588107425977
0.2179588107425977
0.2179588107425977
0.2179588107425977
0.2179588107425977
0.2179588107425977
0.21654794734197857
0.1935181001562668
0.1935181001562668
0.15185691348881222
0.15185691348881222
0.15185691348881222
0.15185691348881222
0.15185691348881222
0.15185691348881222
0.15185691348881222
0.15185691348881222
0.1469639402468897
0.1469639402468897
0.1469639402468897
0.1469639402468897
0.1469639402468897
0.1469639402468897
0.1469639402468897
0.1469639402468897
0.14107706419785807
0.14107706419785807
0.14107706419785807
0.1392604699434855
0.1392604699434855
0.1392604699434855
0.1392604699434855
0.1392604699434855
0.1392604699434855
0.1392604699434855
0.1392604699434855
0.1392604699434855
0.1392604699434855
0.10423793986445541
