0.000000 0.000000
0.000000 -0.000000
0.642442 1.984394
1.323442 4.087885
0.308356 0.952459
-0.680999 -1.964905
-1.426235 -4.162421
-2.068678 -6.056823
-1.117854 -3.253080
-0.115646 -0.297818
1.156386 3.631271
0.308356 1.011852
-0.796646 -2.246523
-0.115646 -0.238425
0.629590 2.063482
-0.244145 -0.512945
-1.246353 -3.468207
-0.565353 -1.460109
0.745236 2.588077
-0.321234 -0.556678
-1.323442 -3.511940
-0.616763 -1.428119
0.552501 2.183536
-0.205588 -0.051878
-1.349146 -3.423950
-0.642442 -1.340054
0.552501 2.350921
1.182091 4.295616
0.424002 1.954011
-0.192735 0.049014
-0.835177 -1.845389
-0.089941 0.391736
0.513944 2.257034
1.092149 4.043012
1.927327 6.622733
3.122270 10.313708
2.377034 8.011801
1.631798 5.709894
1.040765 3.884295
-0.128499 0.272640
-0.706704 -1.432345
-1.426235 -3.554064
-2.107235 -5.562163
-3.482061 -9.616183
-2.505532 -6.736643
-1.875942 -4.880139
-0.822325 -1.773282
0.321208 1.758897
0.950824 3.703671
2.132914 7.354947
1.400531 5.092739
0.680974 2.870152
-0.449707 -0.463946
-1.773149 -4.366447
-0.925119 -1.865818
0.218415 1.647230
0.860857 3.631624
1.554709 5.774814
0.693826 3.115696
-0.359766 0.008914
-1.092175 -2.150778
-1.708912 -3.969384
-2.312797 -5.750091
-1.439088 -3.173739
-0.732384 -1.089844
0.244119 1.926407
0.899414 3.950500
2.184298 7.919289
1.323442 5.260249
0.693826 3.315475
0.038532 1.291382
-1.156411 -2.232208
-1.773149 -4.050814
-1.015060 -1.815399
-0.244145 0.490017
0.925119 4.101672
1.516151 5.927271
2.222856 8.110160
1.349121 5.411343
0.732384 3.506346
0.102794 1.561651
-1.130706 -2.075635
-1.721764 -3.818519
-2.299970 -5.523504
-1.426235 -2.947077
-0.424028 0.008713
0.256972 2.112204
0.925119 4.175996
1.516151 6.001594
0.732384 3.580670
-0.501117 -0.056617
-1.117854 -1.875222
-1.747444 -3.731726
-2.338502 -5.474610
-1.451940 -2.860360
-0.424028 0.179737
0.154178 1.965715
1.079297 4.823249
2.145767 8.117392
1.336269 5.616991
0.758088 3.831091
0.102794 1.806998
-1.079322 -1.678769
-1.811706 -3.838386
-0.835177 -0.958846
0.462559 3.003120
1.798828 7.129289
2.492680 9.271785
3.173679 11.374595
3.880358 13.556698
3.006623 10.857881
2.338502 8.794168
1.143533 5.103114
0.102794 1.888447
-0.848030 -0.915296
-2.068678 -4.514683
-2.698267 -6.371187
-3.417824 -8.492981
-4.188739 -11.976437
-3.083738 -8.725836
-2.479853 -6.949377
-1.272057 -3.396386
-0.668147 -1.619852
0.706679 2.626750
1.940179 6.436821
2.672563 8.699029
1.773149 5.920893
1.027913 3.618986
-0.051410 0.285144
-0.732384 -1.718068
-1.400531 -3.683547
-2.145767 -5.875798
-3.392119 -9.542177
-2.479853 -6.858575
-1.850238 -5.006444
-1.105002 -2.814193
-0.102794 0.151333
0.603885 2.334143
1.182091 4.120122
1.953031 6.501426
2.595474 8.485821
3.302152 10.668631
2.389886 7.850796
1.683207 5.667985
1.092149 3.842308
-0.231292 -0.050842
-1.387678 -3.452567
-2.171471 -5.758241
-3.263621 -8.971002
-2.467000 -6.627595
-1.888795 -4.926695
-1.130706 -2.696636
-0.115646 0.322362
0.706679 2.862384
1.516151 5.362706
2.621178 8.775946
3.276473 10.800039
2.389886 8.061523
1.708887 5.958033
1.117854 4.132434
-0.167030 0.163645
-1.413383 -3.502733
-2.081530 -5.468213
-2.723972 -7.358076
-3.327857 -9.134517
-2.415591 -6.450915
-1.837385 -4.750015
-0.616763 -1.159327
0.513944 2.333233
1.374826 4.992351
2.569769 8.683326
3.225063 10.707419
2.364181 8.048301
1.747444 6.143304
1.066444 4.039813
0.462559 2.174515
-0.783793 -1.491863
-2.145767 -5.498362
-2.775356 -7.350418
-1.773149 -4.402237
-0.629590 -1.038245
0.038532 1.019691
0.783768 3.321598
1.940179 6.893555
2.608326 8.957347
3.186506 10.743247
2.402738 8.322322
1.708887 6.179132
0.321208 1.892831
-0.796646 -1.395545
-1.426235 -3.247601
-2.017293 -4.986308
-2.813914 -7.329715
-1.811706 -4.381534
-1.182116 -2.529478
-0.025705 0.950513
0.680974 3.133323
1.978711 7.141810
2.595474 9.046885
1.773149 6.506864
1.079297 4.363674
-0.025705 0.950513
-0.745236 -1.166123
-1.413383 -3.131602
-2.107235 -5.172696
-2.762529 -7.100368
-3.366414 -8.876808
-2.325649 -5.815203
-1.259205 -2.678058
-0.578206 -0.674771
0.693826 3.254318
1.310589 5.159393
1.940179 7.104089
2.595474 9.128182
3.353562 11.469787
4.021684 13.533501
4.779772 15.875107
5.370830 17.700784
6.051829 19.804275
6.848450 22.179794
8.069097 25.728804
8.685835 27.521956
9.418218 29.651348
9.996424 31.332469
9.302598 29.189358
7.863510 24.744262
7.272477 22.918663
6.642862 20.973889
6.064682 19.187989
5.229479 16.608190
4.060241 12.996613
3.379241 10.893122
2.030120 6.725918
1.451915 4.939939
0.770915 2.836448
0.025679 0.534542
-0.745236 -1.733250
-1.323442 -3.434149
-2.068678 -5.626400
-2.749677 -7.629687
-3.392119 -9.519551
-4.381475 -12.266875
-5.653507 -14.184043
-6.964096 -16.159324
-7.683652 -17.243818
-8.261833 -18.115234
-9.019921 -19.257802
-9.700920 -20.284184
-8.852891 -17.866334
-8.159064 -15.888140
-7.478065 -13.946517
-6.809918 -12.041538
-6.141771 -10.136559
-5.550738 -8.451444
-4.818329 -6.363245
-4.201592 -4.604842
-3.494913 -2.590004
-2.171471 0.911789
-1.503324 2.379655
-0.899439 3.706341
-0.077089 5.512979
0.591033 6.980789
1.361973 8.674484
2.595474 11.384384
3.366414 13.078079
4.034536 14.634090
4.766920 16.708528
5.435067 18.601019
6.167450 20.675456
6.745656 22.313193
7.375246 24.096472
6.578625 21.635848
5.987567 19.810171
5.268036 17.587662
4.689831 15.801684
3.944595 13.499777
3.263621 11.396365
1.940179 7.308480
1.336269 5.443103
0.758088 3.657203
-0.038557 1.196501
-0.848030 -0.728559
-2.171471 -3.012817
-2.813914 -4.121672
-3.533445 -5.363581
-4.265828 -6.627675
-4.985385 -8.051498
-5.640680 -9.739912
-6.360211 -11.593836
-7.529449 -14.606462
-6.642887 -12.079297
-5.306593 -8.270161
-4.047414 -4.680840
-3.327857 -2.629727
-2.158619 0.555968
-1.529029 1.974848
-0.809498 3.596424
-0.012852 5.391789
0.809473 7.245027
1.978711 9.880088
2.723947 11.559594
3.379241 13.036403
4.201592 15.058008
4.844034 16.881502
5.525008 18.814363
6.180303 20.674337
6.861302 22.607271
6.154623 20.424461
5.216652 17.527228
4.021684 13.836174
3.430651 12.010576
2.518385 9.192741
1.374826 5.660483
0.693826 3.556992
0.115646 1.771092
-0.783793 -0.566464
-1.400531 -1.637943
-2.055825 -2.776409
-2.891003 -4.227392
-3.494913 -5.276586
-4.291533 -6.660582
-5.023917 -8.142118
-5.640680 -9.732245
-6.308801 -11.454784
-7.131152 -13.574953
-5.974740 -10.278585
-5.332298 -8.447294
-4.677004 -6.579367
-4.085946 -4.894547
-2.775356 -1.158692
-2.184324 0.418079
-1.529029 1.902599
-0.616763 3.969269
-0.038557 5.279150
0.693826 6.938310
1.297737 8.306423
2.081505 10.081989
2.775356 11.653858
3.482035 13.254785
4.124477 14.829103
4.895418 17.018247
5.537860 18.842509
6.899859 22.710005
5.923331 19.693676
5.229479 17.550486
4.612742 15.645489
4.008857 13.780192
3.392094 11.875117
2.544064 9.255697
1.361973 5.604421
0.539648 3.064400
-0.680999 -0.396636
-1.464767 -1.756782
-2.171471 -2.983192
-2.865298 -4.187254
-3.469208 -5.235277
-4.278681 -6.640031
-4.985385 -8.043900
-5.627827 -9.700055
-6.308801 -11.455542
-6.989801 -13.211094
-7.568006 -14.701654
-6.655740 -12.101226
-6.038977 -10.343135
-5.422240 -8.585116
-4.677004 -6.460811
-3.404972 -2.834865
-2.698267 -0.820395
-1.606118 1.811384
-0.758088 3.721151
-0.089941 5.225821
0.629590 6.846209
1.233475 8.206160
1.978711 9.884435
2.569769 11.215501
3.327857 12.922719
4.060241 14.658226
4.754093 16.627523
5.435067 18.560269
6.077509 20.383655
6.745656 22.279996
7.452360 24.285770
8.043393 25.963244
8.737244 27.932541
9.392539 29.792404
10.073513 31.725150
10.805897 33.803808
11.409807 35.517832
12.270689 37.961196
12.874574 38.906618
13.568426 39.426645
14.275105 39.956285
14.853310 40.389638
15.624251 40.967441
14.660575 38.015380
13.529869 34.551650
12.797485 32.308114
12.206427 30.497507
11.563985 28.529492
10.330510 24.750947
9.533865 22.310556
8.313217 18.571305
7.567981 16.288398
6.964096 14.438497
6.244565 12.234333
5.627802 10.344983
4.895418 8.101447
4.252976 6.133433
3.546297 3.968640
2.903855 2.000625
2.171446 -0.087112
1.580413 -0.744128
0.835177 -1.571378
0.089941 -2.398628
-0.732384 -3.311452
-1.374826 -4.024596
-2.274265 -5.023020
-3.507765 -6.392269
-4.304386 -7.276558
-4.985385 -8.672004
-5.704916 -10.432060
-6.398743 -12.129239
-6.976948 -13.543596
-7.632243 -15.146522
-8.390331 -17.000893
-9.109862 -18.760949
-9.700920 -20.206745
-10.420452 -21.342827
-11.140008 -22.424460
-12.424893 -24.355890
-13.157276 -25.456805
-13.838276 -26.480479
-14.506397 -27.484795
-15.161692 -28.469830
-15.752750 -29.358305
-14.943277 -27.091680
-14.300835 -25.292762
-13.208660 -22.234537
-12.476277 -20.183771
-11.795303 -18.276959
-11.088599 -16.298099
-10.471861 -14.571157
-9.829419 -12.772238
-8.300390 -8.490766
-7.722184 -6.871718
-7.066890 -5.036811
-6.385916 -3.129998
-5.730621 -1.295092
-5.049622 0.294186
-4.394327 1.176520
-3.713328 2.093464
-2.891003 3.200699
-1.580413 4.965367
-0.783793 6.037991
-0.077089 6.989546
0.706679 8.044865
2.004416 9.792227
2.711120 10.743782
3.392094 11.660692
4.342917 12.940946
5.512156 14.515289
6.270244 15.965838
6.951243 17.785450
8.313217 21.424607
9.019921 23.312901
9.649511 24.995148
10.998632 28.599963
11.602542 30.213595
10.793070 27.733911
10.047834 25.451004
8.775776 21.554268
8.146186 19.625625
7.503744 17.657610
6.822745 15.571482
6.141771 13.485431
5.512156 11.556710
4.908271 9.706809
4.034536 7.030268
2.788209 3.212352
2.094357 1.086853
1.400531 -0.373335
0.758088 -1.080778
0.025679 -1.887291
-0.680999 -2.665470
-1.490472 -3.556843
-2.094382 -4.221856
-2.852471 -5.056646
-3.623386 -5.905561
-4.317238 -6.669615
-5.036769 -7.461947
-5.640680 -8.126959
-6.463005 -9.032485
-7.169683 -9.810665
-7.863535 -10.574719
-8.505977 -11.783436
-9.199804 -13.452593
-9.893656 -15.121810
-10.574655 -16.760108
-11.255629 -18.398346
-10.317658 -15.772525
-9.533890 -13.578393
-8.403184 -10.413016
-7.657948 -8.326752
-6.861327 -6.096640
-6.270269 -4.441992
-5.679211 -2.787344
-4.985385 -0.844999
-4.342943 0.481192
-2.891003 2.532463
-2.299970 3.367461
-1.606118 4.347721
-0.848030 5.418733
-0.205588 6.326362
0.655295 7.542598
1.310589 8.468385
1.914474 9.321541
2.723947 10.465147
3.315005 11.300181
4.137330 12.461945
4.779772 13.369574
5.589270 14.513216
6.874154 17.438057
7.529449 19.199549
8.236128 21.099166
8.865718 22.791562
9.559569 24.656699
10.266248 26.556317
10.960100 28.421454
10.047834 25.626878
8.878570 22.045033
8.146186 19.801498
7.439508 17.636705
6.771361 15.589948
6.180303 13.779340
5.460771 11.575176
4.779772 9.489048
4.201592 7.717889
3.366414 5.159462
2.723947 3.191370
2.120062 1.341469
1.490472 -0.212166
0.732384 -1.051282
0.012852 -1.847720
-1.413383 -3.426398
-2.158619 -4.251289
-2.839618 -5.005076
-3.520592 -5.758836
-4.394327 -6.725959
-5.113858 -7.522398
-6.360211 -8.901966
-7.195388 -9.826411
-8.505977 -11.767261
-9.199804 -13.437621
-9.855098 -15.015216
-10.561803 -16.716579
-11.152835 -18.139466
-11.756746 -19.593357
-10.998657 -17.471125
-10.099243 -14.953258
-9.019921 -11.931748
-8.261833 -9.809516
-6.861327 -5.888869
-6.270269 -4.234230
-5.640680 -2.471724
-4.972533 -0.601278
-4.330090 0.600423
-3.687648 1.502398
-2.993796 2.476551
-2.222856 3.558935
-1.593266 4.442866
-0.835177 5.507206
-0.167030 6.445270
0.591033 7.509574
1.259180 8.447638
1.978711 9.457845
2.685415 10.450042
3.379241 11.424160
4.175887 12.542633
4.766920 13.372430
5.357978 14.202263
6.180303 15.592046
6.758508 17.145123
7.516597 19.181371
8.133334 20.837946
9.007069 23.184823
10.227716 26.463519
10.870159 28.189137
10.099218 25.827488
9.508160 24.016881
8.775776 21.773345
8.133334 19.805331
7.478039 17.797945
6.848450 15.869301
6.116066 13.625766
5.512156 11.775787
4.779772 9.532252
3.636239 6.029227
2.659710 3.037795
1.439062 -0.253780
0.822325 -0.937302
0.141326 -1.692044
-0.745236 -2.674607
-1.413383 -3.415105
-2.132914 -4.212552
-2.775356 -4.924561
-3.584854 -5.821716
-4.253001 -6.562214
-4.946828 -7.331172
-5.679211 -8.142863
-6.347358 -8.883360
-7.079742 -9.695051
-7.812126 -10.506741
-8.454568 -11.639191
-9.186977 -13.402746
-10.561803 -16.713165
-11.743893 -19.559500
-10.870159 -17.113527
-10.176332 -15.171197
-9.007069 -11.897906
-8.171891 -9.559872
-7.580859 -7.905307
-6.938416 -6.106825
-6.231712 -4.128444
-5.602122 -2.365941
-4.882591 -0.351652
-3.726180 1.447289
-2.968092 2.511682
-2.287118 3.467802
-1.541882 4.514150
-0.848030 5.488352
-0.154203 6.462518
0.526796 7.418675
1.297737 8.501113
2.004416 9.493325
2.646858 10.395345
3.469183 11.549930
4.921123 13.588525
5.614949 14.562691
6.809892 17.282646
7.683627 19.629538
8.300364 21.286123
8.929980 22.977298
9.585274 24.737450
10.253396 26.532055
10.947248 28.395773
11.666779 30.328467
12.322073 32.088618
12.977368 33.848770
13.735456 35.885030
15.007488 39.301767
15.765577 41.063932
16.382314 41.524379
17.191812 42.128737
17.834254 42.608375
18.566638 43.155162
19.234785 43.653990
19.915759 44.162395
20.545349 44.632437
21.174964 45.102498
20.339787 42.572872
19.633082 40.432371
18.450992 36.851997
17.859934 35.061771
17.204639 33.076983
16.446576 30.780924
15.225928 27.083766
14.519224 24.943265
13.863930 22.958476
13.247192 21.090472
12.476251 18.755408
11.782425 16.653913
10.536072 12.878898
9.893630 10.933038
9.238336 8.948249
8.428863 6.496478
7.786421 4.550618
7.079742 2.410194
6.283096 0.180040
5.640654 -0.500590
4.432859 -1.440387
3.546297 -2.130228
2.852445 -2.670121
2.107209 -3.249996
1.490472 -3.729885
0.642442 -4.389744
-0.077089 -4.949618
-0.796646 -5.509511
-1.516177 -6.069385
-2.287118 -6.669261
-2.916707 -7.159151
-3.649091 -7.729025
-4.407179 -8.318900
-5.113858 -8.868774
-5.756300 -9.368664
-6.591478 -10.018523
-7.208241 -10.498432
-7.863535 -11.291217
-8.570214 -12.897475
-9.264066 -14.474576
-9.906508 -15.934826
-10.587482 -17.482657
-11.255629 -19.001332
-11.859539 -20.374000
-12.694717 -22.272330
-13.350011 -23.761793
-14.031011 -25.309682
-14.634896 -26.682292
-15.392984 -28.405401
-16.125368 -29.863036
-17.461662 -31.865677
-18.091252 -32.809213
-19.440398 -34.831115
-20.134224 -35.870920
-20.802371 -36.820503
-20.044283 -34.719628
-19.466077 -33.117258
-18.836488 -31.372488
-18.245430 -29.734501
-17.564456 -27.847332
-16.562222 -25.069863
-15.637104 -22.506100
-14.930425 -20.547695
-14.210894 -18.553673
-13.517042 -16.630815
-12.823215 -14.708028
-12.116511 -12.749553
-11.396980 -10.755531
-10.690276 -8.797055
-9.970745 -6.803033
-9.212656 -4.702158
-8.544509 -2.850536
-7.966329 -1.248236
-7.195388 0.306338
-5.846242 1.595779
-5.113858 2.295752
-4.407179 2.971158
-3.803269 3.548343
-2.968092 4.346560
-2.248560 5.034249
-1.593266 5.660545
-0.745236 6.471046
-0.154203 7.035923
0.719531 7.870992
1.374826 8.497287
2.055825 9.148150
2.659710 9.725310
3.430651 10.462134
4.278681 11.272635
4.921123 11.886647
5.666359 12.598903
6.283096 13.188348
7.696479 14.539183
8.493100 15.300550
9.148394 15.926845
9.739452 16.491747
10.587482 18.428741
11.910924 21.757997
12.489104 23.212470
13.247192 25.119521
13.992428 26.994240
14.660575 28.675034
15.405811 30.549753
14.442135 27.630924
13.684047 25.334788
13.105867 23.583568
12.347778 21.287432
11.731015 19.419350
11.088573 17.473490
9.739452 13.387205
9.032773 11.246782
8.403158 9.339772
7.735037 7.316132
7.066890 5.292416
6.295949 2.957352
5.614949 0.894708
4.805477 -0.434652
3.379241 -1.640533
2.801061 -2.129384
2.055825 -2.759480
1.349121 -3.356998
0.693826 -3.911049
-0.089941 -4.573725
-0.899439 -5.258155
-1.529029 -5.790472
-2.261413 -6.409702
-3.777590 -7.691628
-4.445711 -8.256525
-5.203800 -8.897488
-5.949036 -9.527585
-7.311034 -10.679154
-7.889215 -11.168004
-8.621624 -11.787256
-9.379687 -12.428197
-10.060686 -13.003982
-10.728833 -13.568900
-11.422685 -15.133269
-12.103659 -16.691354
-12.746101 -18.161278
-13.619836 -20.160404
-14.210894 -21.512759
-14.904720 -23.100251
-15.534310 -24.540768
-16.253866 -26.187131
-15.367279 -23.730631
-14.711985 -21.914981
-14.069543 -20.134941
-13.375716 -18.212530
-12.669012 -16.254437
-11.975186 -14.332025
-10.523245 -10.309079
-9.906508 -8.600261
-9.328302 -6.998204
-8.570214 -4.897739
-7.837830 -2.868496
-7.246772 -1.230829
-6.604330 0.196704
-5.846242 0.949001
-4.548505 2.236823
-3.816121 2.963611
-3.058033 3.715908
-2.351354 4.417188
-1.721764 5.041968
-0.989381 5.768756
-0.205588 6.546562
0.539648 7.286104
1.194943 7.936392
1.914474 8.650427
2.762504 9.491978
3.404946 10.129512
4.098798 10.818063
4.831182 11.544851
5.576418 12.284394
6.218860 12.921928
6.835597 13.533953
7.657922 14.349996
8.274685 14.962047
9.161247 15.841835
10.330510 17.608485
11.050041 19.429929
11.679631 21.023692
12.501956 23.105351
13.208660 24.894325
13.876782 26.585629
14.532077 28.244462
15.251633 30.065971
15.855518 31.594664
15.046046 29.142893
14.172311 26.496483
13.067309 23.149600
12.334926 20.931320
11.679631 18.946531
10.895838 16.572540
9.778009 13.186805
9.084158 11.085233
8.364626 8.905881
7.606538 6.609745
6.925539 4.547101
6.295949 2.640168
4.908271 -0.433643
4.188739 -1.038326
3.520592 -1.599827
2.826741 -2.182930
1.991563 -2.884801
1.310589 -3.457082
-0.025705 -4.580084
-0.758088 -5.195568
-1.413383 -5.746268
-2.197176 -6.404956
-2.942412 -7.031242
-3.687648 -7.657527
-4.330090 -8.197426
-5.178120 -8.910098
-5.859094 -9.482379
-6.578651 -10.087084
-7.195388 -10.605381
-7.837830 -11.145280
-8.634451 -11.814748
-9.315450 -12.387050
-10.022154 -12.980954
-10.638892 -13.499251
-11.371275 -15.029394
-12.167921 -16.850197
-13.542747 -19.992479
-14.120952 -21.314018
-14.814779 -22.899818
-15.624251 -24.749937
-14.609191 -21.937494
-13.992454 -20.228690
-13.324307 -18.377444
-11.743893 -13.998568
-10.536098 -10.652110
-9.906508 -8.907695
-9.199804 -6.949619
-8.428888 -4.813631
-7.837830 -3.175978
-7.143979 -1.253511
-6.565798 0.125546
-5.653507 1.036242
-4.471416 2.216265
-3.636239 3.049982
-2.993796 3.691301
-2.120062 4.563507
-0.848030 5.833314
-0.115646 6.564417
0.526796 7.205736
1.310589 7.988158
2.081505 8.757725
2.723947 9.399044
3.559124 10.232760
4.188739 10.861275
4.933975 11.605207
5.627802 12.297820
6.321654 12.990458
7.002628 13.670241
7.837805 14.503958
9.071305 15.735301
9.713747 16.376620
10.343337 17.612233
11.191367 19.761045
11.859514 21.454054
12.579045 23.277265
13.247192 24.970274
14.699107 28.649263
15.354402 30.309705
16.022549 32.002714
17.513021 35.779402
18.772226 38.970085
19.466052 40.728163
20.159904 42.486305
20.905140 44.374649
22.164319 45.791953
22.948113 46.373129
24.310086 47.383022
24.978233 47.878448
25.684912 48.402445
26.288797 48.850221
27.059738 49.421867
27.766416 49.945864
28.344622 50.374599
29.077006 50.917656
29.912183 51.536933
30.503241 51.975198
31.312714 52.575416
31.916624 53.023211
32.597598 53.528148
33.407096 54.128384
34.075218 54.623791
34.704807 55.090627
35.398659 55.605113
36.079659 56.101692
36.863426 56.611308
37.531573 57.045746
38.186868 57.471827
37.043309 54.083392
36.053954 51.151870
35.385807 49.172109
34.139480 45.479165
33.497037 43.575569
32.289242 39.996796
31.582538 37.902788
30.927243 35.961109
30.297653 34.095596
29.616654 32.077752
28.884270 29.907655
27.676475 26.328882
26.944091 24.158784
26.211708 21.988686
25.607823 20.199337
24.798350 17.800820
24.168735 15.935231
23.487761 13.917463
22.832466 11.975785
22.061526 9.691439
21.406231 7.749761
20.648143 5.503498
19.877227 3.219228
18.605170 -0.089372
17.795697 -0.479151
16.446576 -1.128782
15.701340 -1.487630
14.326514 -2.149638
13.581278 -2.508486
12.848869 -2.861157
12.129338 -3.207627
11.396955 -3.560285
10.754512 -3.869635
9.983572 -4.240860
9.251188 -4.593519
8.647303 -4.884302
7.760716 -5.311213
7.054037 -5.651495
6.347333 -5.991788
5.486476 -6.406309
4.766920 -6.752792
4.124477 -7.062142
3.315005 -7.451920
2.621178 -7.786013
1.901622 -8.132495
1.053592 -8.540840
0.398297 -8.856378
-0.359766 -9.221402
-1.053617 -9.555507
-1.811706 -9.920543
-2.544089 -10.273202
-3.173679 -10.576363
-3.931768 -10.941399
-4.574210 -11.250749
-5.447944 -11.671471
-6.077534 -11.974633
-6.719976 -12.283982
-7.400976 -12.611899
-8.133359 -12.964557
-9.045626 -13.403833
-10.279126 -15.322521
-10.895863 -16.569403
-11.512626 -17.816337
-12.412040 -19.634717
-13.054482 -20.933568
-13.722629 -22.284387
-14.416456 -23.687124
-14.994661 -24.856105
-15.778455 -26.440730
-16.562222 -28.025305
-17.204690 -29.324207
-18.540959 -32.025794
-19.183401 -33.324644
-19.800164 -34.571578
-20.571079 -36.130168
-21.264931 -37.219401
-21.907373 -37.923947
-22.588372 -38.670778
-23.269372 -39.417608
-23.963198 -40.178505
-24.541404 -40.812605
-25.273787 -41.615787
-26.057581 -42.475348
-26.751407 -43.236245
-28.087701 -44.701716
-28.781553 -45.462641
-29.578173 -46.336269
-30.182083 -46.998558
-31.030088 -47.928538
-31.813881 -48.788099
-33.085913 -50.183095
-33.766912 -50.929926
-34.473617 -51.704946
-35.218853 -52.522222
-35.874147 -53.240863
-36.516589 -53.945409
-37.287530 -54.790875
-38.019914 -55.594057
-38.700888 -56.340859
-38.019914 -54.496818
-37.326062 -52.617905
-36.143971 -49.416866
-34.923324 -46.111418
-33.805470 -43.084329
-33.124470 -41.240219
-32.533412 -39.639666
-31.813881 -37.691214
-30.464760 -34.037866
-29.783761 -32.193756
-29.128466 -30.419254
-28.306141 -28.192441
-27.663673 -26.452674
-26.982699 -24.608632
-26.160374 -22.381820
-25.505080 -20.607318
-24.746991 -18.554455
-24.078844 -16.745149
-23.449255 -15.040253
-22.691166 -12.987390
-21.958783 -11.004135
-21.213547 -8.986076
-20.506842 -7.072359
-19.774459 -5.089103
-19.042075 -3.105847
-18.219750 -0.879035
-17.641545 0.134997
-16.857751 0.552240
-15.457221 1.297796
-14.801926 1.646634
-14.069543 2.036510
-13.324307 2.433227
-12.681864 2.775224
-11.859539 3.212978
-11.140008 3.596012
-10.369067 4.006413
-9.675216 4.375777
-8.968537 4.751969
-8.184744 5.169212
-7.490917 5.538562
-6.732829 5.942122
-6.026125 6.318327
-5.306593 6.701361
-4.574210 7.091237
-3.906063 7.446917
-3.263621 7.788913
-2.351354 8.274548
-1.734617 8.602860
-1.027913 8.979066
-0.244145 9.396295
0.462559 9.772501
1.169238 10.148693
1.978711 10.579606
2.621178 10.921616
3.392094 11.332004
4.060241 11.687684
4.805477 12.084401
5.653507 12.535840
6.257392 12.857311
6.989801 13.247200
7.722184 13.637076
8.467420 14.033793
9.276893 14.464706
9.945040 14.820386
10.574630 15.155541
11.409807 15.600138
12.142191 15.990013
12.771780 16.325168
13.645515 16.790290
14.365046 17.173324
15.727020 17.898354
16.433724 18.274560
17.153255 18.657594
18.014137 19.115874
19.530289 19.922979
20.159904 20.258148
20.866583 20.634340
21.650376 21.051583
22.986644 23.956731
23.680496 25.470284
24.425732 27.095926
25.620675 29.702549
26.443000 31.496351
27.149679 33.037884
28.318943 35.588491
28.987064 37.045916
28.113355 34.457062
27.509445 32.667638
26.802766 30.573705
26.147471 28.632027
25.530734 26.804596
24.836882 24.748670
24.130203 22.654737
23.436351 20.598811
22.832466 18.809462
22.074378 16.563199
21.354847 14.431184
20.596758 12.184921
19.350406 8.491901
18.592343 6.245713
17.076166 1.753188
16.343782 -0.076662
15.071725 -0.769747
14.365046 -1.154783
13.709752 -1.511822
12.861722 -1.973874
12.167895 -2.351907
11.551133 -2.687953
10.536072 -3.241011
9.315450 -3.906071
8.570214 -4.312115
7.837805 -4.711171
7.143979 -5.089204
6.321654 -5.537251
5.692064 -5.880285
4.972507 -6.272337
4.227271 -6.678381
3.456356 -7.098417
2.801061 -7.455456
1.965884 -7.910505
1.233475 -8.309561
0.578206 -8.666586
-0.269824 -9.128638
-1.002208 -9.527680
-1.734617 -9.926735
-2.467000 -10.325776
-3.276473 -10.766820
-3.880383 -11.095863
-4.677004 -11.529904
-5.473624 -11.963945
-6.116091 -12.313995
-6.809918 -12.692029
-7.593711 -13.119081
-8.210448 -13.455112
-8.994242 -13.882164
-10.407599 -14.652237
-11.152835 -15.058281
-11.833835 -15.429325
-12.591923 -15.842372
-13.427100 -16.297421
-14.699132 -16.990492
-15.431541 -17.389547
-16.215309 -17.816586
-17.037634 -18.264632
-17.654397 -18.600677
-18.386781 -18.999719
-19.684517 -19.706795
-20.558252 -20.182852
-21.136432 -20.497875
-21.933078 -20.931930
-22.601225 -22.287564
-23.513491 -24.158113
-24.708434 -26.608275
-25.453670 -28.136338
-26.956995 -31.218818
-28.203347 -33.774393
-28.858642 -35.118036
-28.023464 -32.857993
-27.368170 -31.084725
-26.712875 -29.311456
-26.031876 -27.468628
-25.376581 -25.695359
-24.785523 -24.095919
-24.040287 -22.079263
-23.462082 -20.514602
-22.678314 -18.393677
-21.958783 -16.446579
-20.609636 -12.795704
-19.813016 -10.639999
-19.132017 -8.797171
-18.489574 -7.058682
-17.680076 -4.868129
-16.909161 -2.781983
-16.163925 -0.765327
-15.470073 0.229211
-14.763394 0.623289
-13.966749 1.067536
-13.324307 1.425793
-12.669012 1.791216
-11.885244 2.228282
-11.255629 2.579386
-10.536098 2.980630
-9.752305 3.417711
-9.097010 3.783134
-8.390331 4.177212
-7.683652 4.571290
-6.887007 5.015537
-6.103239 5.452603
-4.818329 6.169130
-3.841826 6.713674
-3.263621 7.036109
-2.467000 7.480343
-1.798853 7.852933
-1.066470 8.261345
-0.167030 8.762915
1.156386 9.500915
1.914474 9.923661
3.353562 10.726165
4.047388 11.113076
4.844034 11.557323
6.218860 12.323991
6.951243 12.732403
7.645070 13.119314
8.480247 13.585048
9.135542 13.950472
9.932187 14.394719
10.548925 14.738641
11.242777 15.125566
12.013692 15.555465
12.874574 16.035534
13.529869 16.400957
14.275105 16.816536
15.046046 17.246450
15.688488 17.604706
16.433724 18.020285
17.127550 18.407195
17.949875 18.865763
18.643727 19.252688
19.221933 19.575123
20.159904 20.098180
20.879435 20.499425
21.470468 20.829013
22.215704 21.830627
22.922408 23.390898
23.629087 24.951113
24.335791 26.511383
25.068174 28.128349
25.723469 29.575117
26.571473 31.447352
27.740737 34.028868
28.473121 35.645834
27.406651 32.485818
25.993293 28.297952
25.376530 26.470445
24.772645 24.681097
24.130203 22.777501
23.462056 20.797740
22.858146 19.008316
22.010141 16.495626
21.329142 14.477783
19.890080 10.213752
19.299022 8.462411
18.643727 6.520732
17.821402 4.084132
16.408019 0.259585
15.675635 -0.418376
14.930399 -0.824660
14.236548 -1.202930
13.645515 -1.525145
12.810338 -1.980462
12.142191 -2.344719
11.358397 -2.772022
10.009276 -3.507528
9.251188 -3.920818
8.518804 -4.320095
7.786421 -4.719371
7.066890 -5.111641
6.180303 -5.594985
4.933975 -6.274450
4.111650 -6.722760
3.469183 -7.073017
2.672563 -7.507314
1.927327 -7.913597
1.194943 -8.312873
0.501091 -8.691143
-0.308381 -9.132447
-1.027913 -9.524716
-1.798853 -9.945013
-2.569794 -10.365310
-4.008857 -11.149850
-4.741240 -11.549126
-5.409387 -11.913382
-6.064682 -12.270632
-6.887007 -12.718942
-7.593711 -13.104219
-8.300390 -13.489482
-9.071331 -13.909779
-9.790862 -14.302048
-10.626039 -14.757365
-11.229950 -15.086602
-12.604775 -15.836121
-13.529894 -16.340472
-14.198041 -16.704728
-15.457221 -17.391200
-16.318103 -17.860531
-16.960545 -18.210773
-17.808575 -18.673097
-19.183401 -19.422616
-19.787311 -19.751853
-20.699578 -20.249197
-21.971610 -20.942675
-22.678314 -22.379612
-23.397845 -23.855134
-24.220170 -25.541452
-25.453670 -28.070955
-26.121817 -29.441104
-26.725728 -30.679526
-27.637994 -32.550284
-28.910026 -35.158803
-28.010612 -32.725032
-27.342465 -30.917058
-26.648613 -29.039528
-25.299492 -25.388871
-24.721287 -23.824274
-24.027435 -21.946744
-23.205110 -19.721572
-21.984462 -16.418558
-21.316315 -14.610584
-20.442606 -12.246368
-19.813016 -10.542729
-19.196253 -8.873798
-18.399633 -6.718182
-17.770018 -5.014473
-17.063339 -3.102234
-16.241014 -0.877062
-15.547162 0.205903
-14.737690 0.656700
-13.350011 1.429501
-12.720422 1.780121
-11.872392 2.252391
-11.294186 2.574395
-10.497541 3.018049
-9.790862 3.411600
-9.148420 3.769377
-8.416036 4.177244
-7.632243 4.613740
-7.054037 4.935744
-6.206033 5.408000
-5.460797 5.823023
-4.818329 6.180815
-4.073093 6.595839
-3.417824 6.960760
-2.569794 7.433029
-1.875942 7.819437
-1.105002 8.248776
-0.449707 8.613711
0.436855 9.107439
1.092149 9.472374
1.863090 9.901713
2.466975 10.238018
3.353562 10.731760
4.034536 11.110996
4.741240 11.504561
5.460771 11.905270
6.128918 12.277363
6.964096 12.742475
7.645070 13.121711
8.338922 13.508119
9.097010 13.930300
9.790836 14.316693
10.677423 14.810436
11.923751 15.504518
12.643307 15.905241
13.362838 16.305950
14.275105 16.813993
14.917547 17.171770
15.688488 17.601109
16.382314 17.987503
17.191812 18.438314
17.885639 18.824708
18.630875 19.239731
19.350406 19.640440
20.057110 20.034005
20.712405 20.398940
21.496172 20.835422
22.202877 21.792942
22.922408 23.380990
23.629087 24.940673
24.284381 26.386948
25.042470 28.060094
25.762001 29.648143
27.239620 32.909339
28.396032 35.461608
29.089858 36.992924
29.783710 38.524297
31.030037 41.275016
31.788125 42.948163
33.098715 45.840712
33.843951 47.485493
34.486393 48.903402
35.141687 50.349677
35.745572 51.682487
37.158955 54.801909
37.827102 56.276549
38.508076 57.279427
39.317574 57.805774
39.972869 58.231855
40.679548 58.691346
41.399079 59.159195
42.092931 59.610346
42.863846 60.111605
43.634787 60.612881
44.906819 61.439973
45.626350 61.907821
46.320202 62.358973
47.193911 62.927070
47.849206 63.353151
48.543058 63.804302
49.198352 64.230383
50.097766 64.815194
50.765913 65.249632
51.536829 65.750891
52.230680 66.202042
53.014448 66.711658
53.708300 67.162810
54.337890 67.183752
55.224451 67.195560
54.260801 64.379163
52.963064 60.586356
51.819505 57.244154
51.048590 54.991052
50.431827 53.188481
49.635207 50.860253
48.491648 47.518052
47.887763 45.753118
47.258173 43.913059
46.397291 41.397017
45.806233 39.669571
45.099554 37.604209
43.724728 33.586099
43.082286 31.708477
42.426992 29.793292
41.681756 27.615241
40.949372 25.474753
40.088490 22.958711
39.034898 19.879449
38.302514 17.738961
37.608662 15.711088
36.799190 13.345297
36.131043 11.392549
35.411512 9.289624
34.730512 7.299314
34.062365 5.346566
33.278597 3.055901
32.584746 1.028027
31.916624 -0.125869
31.222772 -0.401917
30.387595 -0.734191
29.706621 -1.005115
29.051326 -1.265823
28.396032 -1.526530
27.612238 -1.838361
26.879855 -2.129738
26.263117 -2.375106
25.505029 -2.676710
24.875439 -2.927192
24.194440 -3.198126
23.295026 -3.555956
22.626879 -3.821777
21.855938 -4.128495
21.174964 -4.399419
20.365466 -4.721476
19.607403 -5.023070
18.926404 -5.294005
18.206872 -5.580269
17.474489 -5.871646
16.536518 -6.244816
15.174519 -6.786685
14.403603 -7.093392
13.696899 -7.374553
12.810338 -7.727270
12.077954 -8.018648
11.499748 -8.248686
10.690276 -8.570733
9.970719 -8.857007
9.122715 -9.194384
8.428863 -9.470432
7.632243 -9.787366
6.964096 -10.053187
6.347333 -10.298565
5.447919 -10.656395
4.702683 -10.952886
4.098798 -11.193140
3.135122 -11.576537
2.479827 -11.837245
1.773149 -12.118396
1.040765 -12.409773
0.218415 -12.736944
-0.501117 -13.023208
-1.233500 -13.314585
-2.081530 -13.651973
-3.379267 -14.168275
-4.265828 -14.520992
-4.844034 -14.751030
-5.653507 -15.073077
-6.347358 -15.349125
-6.938416 -15.584276
-7.837830 -15.942106
-8.493125 -16.202814
-9.186977 -16.478862
-10.022154 -16.811135
-11.422685 -17.368334
-12.155068 -17.659711
-12.823215 -17.925533
-13.619836 -18.242466
-14.326514 -18.523617
-15.071750 -18.820108
-15.791307 -19.106382
-16.485133 -19.382420
-18.027015 -19.995855
-19.337604 -20.517270
-20.044283 -20.798421
-20.712430 -21.471077
-21.509050 -22.970211
-22.138665 -24.155063
-22.819639 -25.436567
-23.667669 -27.032447
-24.425758 -28.459069
-25.762052 -30.973798
-26.956995 -33.222523
-27.882113 -34.963474
-29.102761 -37.260572
-29.925086 -38.808080
-30.503292 -39.896186
-31.248528 -41.298622
-31.878118 -42.483427
-32.546265 -43.740791
-33.188707 -44.949783
-34.036737 -46.545663
-34.640647 -47.682143
-35.270237 -48.866947
-36.002620 -50.245197
-36.657915 -51.478375
-37.287530 -52.663227
-38.071298 -54.138175
-38.726593 -55.371353
-39.394740 -56.628717
-39.985798 -57.366780
-40.859507 -58.262441
-41.553359 -58.481612
-42.208653 -58.688604
-42.941037 -58.919946
-43.737682 -59.171587
-44.380125 -59.374519
-45.099656 -59.601801
-45.754950 -59.808793
-46.487334 -60.040135
-47.849333 -60.470357
-48.517480 -60.681409
-49.275568 -60.920871
-49.892306 -61.115683
-50.766040 -61.391674
-51.421335 -61.598666
-52.153718 -61.830008
-52.860397 -62.053231
-53.490012 -62.252111
-54.389426 -62.536214
-54.980484 -62.722915
-55.751425 -62.966436
-56.393867 -63.169368
-55.674336 -61.248045
-54.646398 -58.503200
-54.042513 -56.890680
-53.451455 -55.312411
-52.719072 -53.356769
-51.601218 -50.371827
-50.804572 -48.244589
-49.699570 -45.293966
-49.018571 -43.475532
-48.247656 -41.417000
-47.065540 -38.260462
-46.435950 -36.579304
-45.690714 -34.589343
-44.444361 -31.261278
-43.699125 -29.271316
-43.005299 -27.418631
-42.362831 -25.703086
-41.463417 -23.301432
-40.885212 -21.757482
-40.229917 -20.007686
-39.446149 -17.914835
-38.688061 -15.890555
-37.904268 -13.797636
-37.236121 -12.013521
-36.542294 -10.160835
-35.758501 -8.067917
-34.897619 -5.769152
-33.651266 -2.441087
-33.008824 -0.725610
-31.377026 0.503338
-30.143526 0.959838
-29.462527 1.211866
-28.730143 1.482910
-27.959202 1.768224
-27.252524 2.029755
-26.494435 2.310313
-25.749199 2.586113
-24.914022 2.895200
-24.322964 3.113942
-23.577728 3.389743
-22.704019 3.713090
-22.035872 3.960361
-21.213547 4.264692
-20.583931 4.497703
-19.800164 4.787764
-19.029223 5.073078
-18.412485 5.301323
-17.551603 5.619923
-16.819220 5.890967
-16.061131 6.171525
-15.392984 6.418796
-14.429308 6.775438
-13.080187 7.274728
-12.373483 7.536269
-11.525453 7.850112
-10.908716 8.078358
-10.073538 8.387445
-9.405391 8.634716
-8.673008 8.905760
-7.889215 9.195831
-7.272477 9.424076
-6.463005 9.723650
-5.769153 9.980434
-5.165268 10.203923
-4.471416 10.460708
-3.636239 10.769794
-2.826766 11.069368
-2.132914 11.326153
-1.387678 11.601953
-0.770941 11.830199
0.064237 12.139286
0.848030 12.429356
1.529004 12.681374
2.274240 12.957175
3.058033 13.247246
3.803269 13.523047
4.574210 13.808360
5.203800 14.041362
5.974715 14.326667
6.719951 14.602468
7.388098 14.849739
8.248980 15.168339
8.852865 15.391828
9.713747 15.710427
10.420452 15.971968
11.139983 16.238256
11.898071 16.518814
12.566193 16.766075
13.555574 17.132231
14.236548 17.384249
14.891842 17.626764
15.611399 17.893061
16.228136 18.121307
17.230344 18.492209
18.014137 18.782279
18.733668 19.048567
19.466052 19.319612
20.134199 19.566883
20.969376 19.875970
21.624671 20.118485
22.459848 20.427572
23.205084 20.703372
24.040262 21.012459
24.708409 21.259731
25.363678 21.502236
26.070382 21.763777
26.802766 22.034821
27.727885 22.377194
29.128415 22.895510
29.770857 23.133268
30.439004 23.380540
31.222772 23.670601
31.878067 23.913115
32.649008 24.198429
33.278597 24.431431
33.972424 25.362060
34.756217 26.880699
35.424364 28.175267
36.079659 29.444934
36.786337 30.814159
37.672899 32.531917
38.263957 33.677122
38.970636 35.046348
39.638783 36.340916
40.255520 37.535876
41.052166 39.079417
41.758845 40.448643
40.872283 37.857550
40.191284 35.867239
38.957783 32.262171
38.302514 30.347061
37.634367 28.394313
36.863426 26.141136
36.208132 24.225951
35.565690 22.348329
34.846158 20.245404
34.152307 18.217530
33.574126 16.527722
32.995921 14.837840
32.045097 12.058932
31.441212 10.293999
30.721681 8.191074
29.963593 5.975460
29.334003 4.135401
28.550210 1.844661
27.792121 -0.046110
26.468705 -0.526892
25.749148 -0.788299
25.016765 -1.054366
24.258676 -1.329771
23.076586 -1.759212
22.177172 -2.085959
21.444788 -2.352026
20.712405 -2.618093
19.427520 -3.084877
18.579490 -3.392957
17.782845 -3.682369
17.050461 -3.948436
16.318078 -4.214503
15.444343 -4.531921
14.827606 -4.755975
14.108074 -5.017372
13.414223 -5.269441
12.733249 -5.516831
11.859514 -5.834249
11.127130 -6.100316
10.381894 -6.371052
9.713747 -6.613783
8.904275 -6.907855
8.146186 -7.183260
7.388098 -7.458665
6.642862 -7.729401
5.807685 -8.032812
5.203800 -8.252197
4.432859 -8.532271
3.674770 -8.807676
2.955239 -9.069074
2.210003 -9.339810
1.361973 -9.647889
0.706679 -9.885951
-0.077089 -10.170685
-0.822325 -10.441421
-1.631823 -10.735502
-2.338502 -10.992231
-3.058033 -11.253629
-3.751885 -11.505697
-4.394327 -11.739090
-5.447944 -12.121857
-6.758534 -12.597980
-7.375271 -12.822033
-8.236153 -13.134782
-8.955684 -13.396180
-9.636684 -13.643580
-10.459009 -13.942321
-11.191392 -14.208388
-12.052275 -14.521137
-13.362864 -14.997259
-14.082395 -15.258657
-14.801926 -15.520055
-15.778455 -15.874817
-17.140428 -16.369607
-17.834280 -16.621675
-18.592368 -16.897080
-19.350457 -17.172485
-20.108520 -17.447881
-20.763814 -17.685943
-21.431961 -17.928673
-22.292843 -18.241422
-23.089464 -18.530825
-23.796168 -18.787563
-24.464315 -19.030293
-25.273787 -19.324366
-26.096112 -19.623107
-26.674318 -19.833163
-27.470964 -20.122575
-28.126258 -20.360637
-28.730143 -20.580021
-29.770908 -20.958120
-31.017261 -21.410906
-31.826733 -21.704978
-32.507733 -21.952378
-33.214412 -22.209106
-33.921116 -22.465844
-34.614942 -22.717904
-35.257384 -22.951296
-36.182503 -24.123284
-36.799266 -25.240685
-37.454561 -26.427894
-38.212649 -27.801336
-38.932180 -29.104924
-39.857299 -30.780979
-40.988005 -32.829500
-41.733241 -34.179658
-42.388536 -35.366867
-43.069535 -36.600646
-42.439946 -34.920618
-41.848888 -33.343410
-41.142183 -31.457606
-39.818767 -27.926138
-38.533857 -24.497422
-37.814326 -22.577389
-37.171884 -20.863065
-36.452353 -18.943033
-35.758501 -17.091525
-35.026117 -15.137197
-34.383675 -13.422873
-33.689823 -11.571365
-32.983145 -9.685629
-32.250736 -7.731233
-31.428411 -5.536901
-30.734584 -3.685460
-29.950791 -1.593948
-29.166998 0.072238
-28.498876 0.331080
-27.869261 0.575004
-27.072641 0.883628
-26.365937 1.157417
-25.684963 1.421238
-24.888317 1.729872
-24.220170 1.988724
-23.436402 2.292369
-22.755403 2.556199
-22.138665 2.795134
-21.354872 3.098789
-20.609636 3.387506
-19.902957 3.661285
-19.132017 3.959961
-18.168341 4.333305
-16.934840 4.811184
-16.189604 5.099901
-15.495778 5.368702
-14.622043 5.707201
-13.966749 5.961073
-13.247218 6.239832
-12.476277 6.538508
-11.743893 6.822245
-10.870159 7.160745
-10.189185 7.424566
-9.456801 7.708304
-8.775802 7.972135
-7.837830 8.335521
-7.259625 8.559527
-6.565798 8.828327
-5.820562 9.117045
-5.075326 9.405762
-4.304386 9.704437
-3.623386 9.968268
-2.813914 10.281871
-2.145767 10.540723
-0.668147 11.113178
0.025679 11.381978
0.783768 11.675674
1.464767 11.939505
2.184298 12.218264
2.916682 12.502002
3.777564 12.835522
4.471416 13.104332
5.062449 13.333308
5.987567 13.691715
6.630010 13.940608
7.362419 14.224356
8.159039 14.532980
8.891422 14.816718
9.713747 15.135300
10.304805 15.364286
11.088573 15.667931
11.820982 15.951679
12.437720 16.190614
13.375691 16.554000
14.095222 16.832758
14.814753 17.111517
15.431516 17.350461
16.343782 17.703889
17.101871 17.997585
17.924196 18.316168
18.695111 18.614833
19.401815 18.888623
20.275525 19.227113
20.917967 19.476006
21.650376 19.759753
22.434144 20.063398
23.050881 20.302333
23.924616 20.640832
24.669852 20.929550
25.260910 21.158535
26.018973 21.452222
26.725677 21.726011
27.496592 22.024677
28.331770 22.348239
28.999917 22.607090
29.629506 22.851004
30.567478 23.214390
31.158536 23.443376
31.852362 23.712176
32.571919 23.990945
33.252893 24.254766
34.088070 24.887208
34.717660 26.125745
35.450043 27.566500
36.105338 28.855604
36.863426 30.346926
37.493016 31.585463
38.238252 33.051502
38.983488 34.517540
40.525370 37.550750
41.707460 39.876174
42.324198 41.089428
41.578962 38.911378
40.885135 36.883578
39.741577 33.541376
38.970636 31.288200
37.544426 27.119913
36.439424 23.890400
35.501453 21.149055
34.871863 19.308995
34.203716 17.356247
33.419923 15.065508
32.751801 13.112835
32.122186 11.272701
31.428360 9.244902
30.606035 6.841548
29.244061 2.861001
28.550210 0.833127
27.933472 -0.119613
27.175384 -0.393002
26.520089 -0.629320
25.736296 -0.911979
24.965381 -1.189994
24.348618 -1.412417
23.706176 -1.644101
22.858146 -1.949926
22.151467 -2.204775
21.354847 -2.492060
20.660995 -2.742284
19.967169 -2.992498
19.119139 -3.298323
18.399608 -3.557807
17.692903 -3.812665
16.909136 -4.095315
16.189579 -4.354809
15.508605 -4.600388
14.789074 -4.859873
13.915339 -5.174967
12.553366 -5.666135
11.808130 -5.934889
11.152835 -6.171208
10.356190 -6.458502
9.739452 -6.680916
8.788629 -7.023811
8.081950 -7.278660
7.388098 -7.528884
6.514389 -7.843969
5.743448 -8.121994
4.420006 -8.599266
3.713328 -8.854115
2.878150 -9.155305
2.030120 -9.461130
1.413383 -9.683544
0.616737 -9.970838
-0.128499 -10.239592
-1.554734 -10.753935
-2.338502 -11.036584
-3.070885 -11.300704
-3.764737 -11.550927
-4.484268 -11.810412
-5.229504 -12.079166
-6.013298 -12.361825
-6.732829 -12.621309
-7.362419 -12.848358
-8.441741 -13.237594
-9.019921 -13.446102
-9.662363 -13.677786
-10.420452 -13.951175
-11.075746 -14.187494
-11.910924 -14.488684
-12.604775 -14.738907
-13.375716 -15.016931
-14.043838 -15.257876
-14.660601 -15.480299
-15.560015 -15.804654
-16.305251 -16.073408
-17.101896 -16.360703
-17.680076 -16.569211
-18.528106 -16.875036
-19.337604 -17.166965
-20.095693 -17.440354
-20.776667 -17.685934
-21.650401 -18.001028
-22.331401 -18.246617
-22.986695 -18.482936
-23.693374 -18.737785
-24.502847 -19.029705
-25.209551 -19.284563
-25.864845 -19.520882
-26.725728 -19.831342
-27.445259 -20.090826
-28.126258 -20.336415
-28.871494 -20.605169
-29.565321 -20.855383
-30.336261 -21.133407
-31.171439 -21.434597
-32.392087 -21.874799
-33.278648 -22.194519
-33.882559 -22.412307
-34.679179 -22.699592
-35.411588 -22.963721
-36.131119 -23.888132
-37.416003 -26.210381
-38.109855 -27.464421
-38.752297 -28.625546
-39.536091 -30.042142
-40.307006 -31.435464
-40.975153 -32.643047
-41.656152 -33.873858
-43.043831 -36.381892
-42.414241 -34.701972
-41.733241 -32.884878
-40.564003 -29.765027
-39.857299 -27.879344
-38.508178 -24.279516
-37.904268 -22.668116
-37.248973 -20.919609
-36.542294 -19.033994
-35.797058 -17.045498
-35.167443 -15.365511
-34.422207 -13.377015
-33.728381 -11.525694
-33.008824 -9.605718
-32.109410 -7.205832
-30.785968 -3.674524
-30.040732 -1.686028
-29.308349 0.038857
-28.601645 0.312082
-27.779320 0.630008
-27.085493 0.898254
-26.301700 1.201282
-25.466523 1.524177
-24.130229 2.040813
-23.462082 2.299131
-21.971610 2.875375
-21.354872 3.113817
-20.545400 3.426774
-19.825843 3.704967
-19.067780 3.998049
-18.348223 4.276242
-17.577308 4.574292
-16.896309 4.837579
-16.176777 5.115763
-15.251633 5.473441
-14.596339 5.726790
-13.979601 5.965232
-13.208660 6.263292
-12.412040 6.571280
-11.396980 6.963720
-10.240569 7.410810
-9.456801 7.713829
-8.660155 8.021827
-7.889215 8.319887
-7.118299 8.617937
-5.794858 9.129604
-4.998237 9.437592
-4.407179 9.666105
-3.494913 10.018804
-2.852471 10.267184
-2.132914 10.545378
-1.233500 10.893108
0.089941 11.404775
0.822325 11.687928
1.490472 11.946246
2.389886 12.293976
2.993796 12.527458
3.751859 12.820539
4.471416 13.098733
5.203800 13.381886
6.000420 13.689874
6.630010 13.933285
7.465187 14.256180
8.094802 14.499601
9.135542 14.901970
10.317658 15.358997
11.088573 15.657047
11.936603 15.984911
12.720396 16.287940
13.375691 16.541289
14.108074 16.824442
14.917547 17.137399
15.534284 17.375841
16.433724 17.723581
17.166107 18.006734
17.898491 18.289887
18.682284 18.592915
19.440347 18.885996
20.147051 19.159221
20.956524 19.472178
21.740317 19.775207
22.331350 20.003711
23.333558 20.391183
23.911763 20.614728
24.656999 20.902850
25.350851 21.171106
26.096087 21.459227
26.905560 21.772184
27.548002 22.020564
28.357474 22.333521
29.025621 22.591839
30.490389 23.158145
31.184240 23.426401
31.968008 23.729420
32.546214 23.952965
33.342834 24.260953
34.049538 24.769175
34.743365 26.133158
35.424364 27.471925
36.156748 28.911708
36.940515 30.452506
37.557278 31.664991
38.225400 32.978442
38.996341 34.494023
40.345462 37.146241
40.987929 38.409259
41.707460 39.823775
42.337050 41.061476
43.069434 42.501259
43.737581 43.814760
44.495669 45.305075
45.189496 46.669058
46.384439 49.018180
47.271000 50.761058
47.939147 52.074559
49.224032 54.600495
49.879326 55.888729
50.598857 57.303245
51.382651 58.844093
52.037945 60.132327
52.667535 61.370029
53.502712 63.011892
54.132302 64.249594
54.928922 65.815658
56.316601 66.411181
56.997600 66.420251
57.768541 66.430519
58.500924 66.440273
59.156219 66.449001
59.862898 66.458413
60.556724 66.467654
61.379049 66.478606
62.072901 66.487847
62.702491 66.496233
63.537668 66.507356
64.257199 66.516939
64.963904 66.526352
65.786229 66.537304
66.711347 66.549626
67.906290 66.565541
68.664353 66.575637
69.358205 66.584879
70.167678 66.595660
70.887209 66.605243
71.619593 66.614997
72.210651 66.622870
73.007271 66.633361
73.739654 66.440307
72.570416 63.059652
71.825180 60.904928
71.246975 59.233144
70.617385 57.412791
69.358205 53.772085
68.754295 52.025980
68.034764 49.945577
67.405174 48.125224
66.582849 45.747610
65.323669 42.106904
64.694054 40.286478
64.103021 38.577607
63.396343 36.534364
62.676786 34.453887
62.072901 32.707855
61.301960 30.478810
60.620986 28.509888
59.888603 26.392325
59.220456 24.460490
58.578013 22.602977
57.832777 20.448252
57.036157 18.144959
56.368010 16.213125
55.674158 14.206969
55.006037 12.275208
54.376422 10.454782
53.528417 8.002920
52.821713 5.959604
52.153591 4.027843
51.382651 1.798797
50.624562 -0.037163
49.866474 -0.244386
49.172647 -0.434042
48.517353 -0.613166
47.784969 -0.813363
47.065438 -1.010046
46.345907 -1.206729
45.510729 -1.435024
44.842582 -1.617661
44.225820 -1.786253
43.454904 -1.996982
42.812462 -2.172593
42.028669 -2.386842
41.244901 -2.601084
39.844370 -2.983918
39.111987 -3.184114
38.482397 -3.356212
37.672899 -3.577487
36.991925 -3.763631
36.118190 -4.002466
35.462896 -4.181590
34.781922 -4.367733
34.100922 -4.553884
33.368539 -4.754080
32.584746 -4.968329
31.916624 -5.150960
31.132831 -5.365209
30.503241 -5.537307
29.693768 -5.758575
28.909975 -5.972824
28.177592 -6.173021
27.445208 -6.373217
26.777061 -6.555854
25.890499 -6.798195
25.170968 -6.994878
24.489969 -7.181029
23.731880 -7.388251
22.973792 -7.595474
22.254261 -7.792157
21.431936 -8.016939
20.673847 -8.224162
20.069962 -8.389233
19.376111 -8.578897
18.540933 -8.807192
17.731461 -9.028460
16.909136 -9.253242
16.202431 -9.446419
15.521457 -9.632563
14.711959 -9.853838
13.953896 -10.061054
13.285749 -10.243691
12.373483 -10.493058
11.666779 -10.686235
10.998632 -10.868873
10.202012 -11.086628
9.469628 -11.286824
8.814333 -11.465949
7.927746 -11.708296
7.233920 -11.897953
6.424447 -12.119222
5.782005 -12.294832
5.036769 -12.498542
4.265828 -12.709278
3.520592 -12.912988
2.801061 -13.109671
2.081505 -13.306361
1.246327 -13.534656
0.449707 -13.752411
-0.256972 -13.945581
-0.989381 -14.145784
-1.786001 -14.363540
-2.454148 -14.546177
-3.250768 -14.763932
-3.996004 -14.967642
-4.754093 -15.174865
-5.627827 -15.413699
-6.912712 -15.764921
-7.657948 -15.968631
-9.186977 -16.386589
-9.855098 -16.569220
-10.677449 -16.794008
-12.129364 -17.190888
-12.900304 -17.401624
-13.517042 -17.570208
-14.390776 -17.809043
-15.020366 -17.981141
-15.881248 -18.216462
-16.587927 -18.409632
-17.256074 -18.592269
-18.014163 -18.799492
-18.707989 -18.989149
-19.633108 -19.242029
-20.288402 -19.421153
-20.995107 -19.614330
-21.714638 -19.811013
-23.282199 -20.239505
-23.988903 -20.432682
-24.695582 -20.625851
-25.338024 -20.801462
-26.160374 -21.026251
-26.841348 -21.212395
-27.650846 -21.433670
-28.408935 -21.640893
-29.115614 -21.834063
-29.899407 -22.048312
-30.516144 -22.216897
-31.325617 -22.438165
-31.980911 -22.617289
-32.700468 -22.813979
-33.497088 -23.031735
-34.088146 -23.960792
-34.974708 -25.413419
-35.604323 -26.445041
-37.030533 -28.781881
-37.685828 -29.855578
-38.443916 -31.097703
-39.112063 -32.192459
-39.831594 -33.371408
-40.615387 -34.655650
-41.244977 -35.687231
-41.990213 -36.908297
-42.748302 -38.150422
-43.429301 -39.266237
-44.727038 -41.392573
-45.523683 -42.697874
-46.731479 -44.676842
-47.399626 -45.771598
-48.042068 -46.824237
-48.735894 -47.961069
-49.583924 -49.350562
-50.958775 -51.603250
-52.205103 -53.645353
-52.963191 -54.887477
-53.618486 -55.961175
-54.273780 -57.034873
-54.929075 -58.108570
-55.751425 -59.455988
-56.406720 -60.529686
-57.087694 -61.645459
-57.845782 -62.573495
-58.513929 -62.342633
-59.207781 -62.063605
-59.953017 -61.763913
-60.608312 -61.500391
-61.430637 -61.169698
-62.008842 -60.937177
-62.908282 -60.575473
-63.512167 -60.332624
-64.270255 -60.027764
-65.002639 -59.733241
-66.505963 -59.128688
-67.199815 -58.849660
-67.842257 -58.591306
-68.664582 -58.260614
-69.242788 -58.028092
-70.013728 -57.718063
-70.887463 -57.366696
-71.555610 -57.098005
-72.403640 -56.756976
-73.161728 -56.452115
-73.778466 -56.204098
-74.523702 -55.904406
-73.906964 -54.274575
-72.853347 -51.490215
-72.236609 -49.860384
-71.594142 -48.162556
-70.476288 -45.208440
-69.808141 -43.442750
-69.062905 -41.473339
-67.945051 -38.519223
-67.186962 -36.515848
-66.518815 -34.750158
-65.927757 -33.188189
-65.156842 -31.150916
-64.565784 -29.588947
-63.897637 -27.823257
-63.306579 -26.261287
-62.265814 -23.510892
-61.135108 -20.522812
-60.338487 -18.417610
-59.644636 -16.583991
-58.809458 -14.376895
-57.421780 -10.709724
-56.239664 -7.585785
-55.288866 -5.073142
-54.646398 -3.375314
-53.978277 -1.609691
-53.310130 0.014018
-52.603425 0.181841
-51.639749 0.410688
-50.406275 0.703605
-49.519688 0.914145
-48.633126 1.124679
-47.386773 1.420654
-46.808568 1.557962
-46.011922 1.747144
-45.253859 1.927164
-43.801919 2.271960
-43.133772 2.430627
-41.733241 2.763215
-40.975153 2.943240
-40.319858 3.098855
-39.587475 3.272776
-38.842239 3.449749
-38.045593 3.638931
-37.248973 3.828106
-36.542294 3.995923
-35.822738 4.166799
-34.897619 4.386489
-34.319413 4.523797
-33.561325 4.703823
-32.803262 4.883842
-31.968059 5.082180
-31.274233 5.246945
-30.580381 5.411716
-29.860850 5.582585
-29.012820 5.783969
-28.203347 5.976197
-27.470964 6.150118
-26.815669 6.305733
-26.057581 6.485758
-25.415138 6.638321
-24.515699 6.851913
-23.796168 7.022782
-23.038079 7.202807
-22.344228 7.367578
-21.534755 7.559806
-20.776667 7.739832
-20.121372 7.895446
-19.311899 8.087674
-18.540959 8.270751
-17.628692 8.487390
-16.305251 8.801671
-15.637104 8.960338
-14.750542 9.170872
-14.069543 9.332591
-13.337159 9.506512
-12.630480 9.674329
-11.820982 9.866563
-11.062894 10.046589
-10.253421 10.238816
-9.598127 10.394431
-8.929980 10.553098
-8.133359 10.742273
-7.298182 10.940605
-6.617183 11.102324
-5.923356 11.267089
-5.255209 11.425756
-4.368622 11.636296
-3.700475 11.794963
-3.070885 11.944473
-2.248560 12.139753
-1.593266 12.295368
-0.835177 12.475393
-0.025705 12.667621
0.822325 12.869005
1.426210 13.012411
2.158619 13.186339
2.891003 13.360260
3.790417 13.573846
4.484268 13.738617
5.190947 13.906434
5.871947 14.068153
6.630010 14.248172
7.388098 14.428198
8.197596 14.620431
8.865718 14.779092
9.572422 14.946915
10.613187 15.194069
11.949455 15.511396
12.720396 15.694474
13.337134 15.840932
14.262252 16.060623
15.020341 16.240648
15.739872 16.411517
16.536518 16.600699
17.256049 16.771568
18.065521 16.963796
18.836462 17.146873
19.658787 17.342153
20.301229 17.494715
21.136407 17.693047
21.894495 17.873073
22.575495 18.034792
23.410672 18.233124
24.284381 18.440606
24.913971 18.590116
25.710617 18.779298
26.430148 18.950167
27.201089 19.133245
27.869210 19.291905
28.627299 19.471931
29.359682 19.645852
30.040682 19.807571
30.721681 19.969290
31.595390 20.176772
32.289242 20.341543
33.047305 20.521562
33.754009 20.689385
34.512098 20.869410
35.424364 21.086049
36.773485 21.406429
37.467337 21.571199
38.276809 21.763427
39.009193 21.937348
39.703019 22.102113
40.461108 22.282139
41.065018 22.425551
41.861638 22.614727
42.671111 22.806954
43.364963 22.971725
44.097346 23.145647
44.701231 23.289053
45.562114 23.493489
46.397291 23.691821
47.733560 24.009148
48.440264 24.450191
49.262589 25.783050
49.943588 26.886842
50.663119 28.053088
51.408355 29.260997
51.999388 30.218967
52.898802 31.676774
53.605506 32.822229
54.273653 33.905190
54.877538 34.883991
55.892598 36.529243
54.916095 33.705849
54.260801 31.811175
53.669743 30.102230
52.924507 27.947506
51.601091 24.121071
50.868682 22.003434
50.290501 20.331723
49.326825 17.545416
48.054793 13.867550
47.425204 12.047197
46.679968 9.892473
45.664907 6.957597
45.086702 5.285813
43.737581 1.385057
43.005197 -0.052296
42.324198 -0.192871
41.617519 -0.338746
40.885135 -0.489927
40.127047 -0.646414
39.458900 -0.784335
38.713664 -0.938169
37.968428 -1.092003
37.184660 -1.253791
36.439424 -1.407625
35.796982 -1.540240
34.987484 -1.707340
34.306510 -1.847908
33.728304 -1.967264
32.918832 -2.134358
32.122186 -2.298804
31.441212 -2.439373
30.644567 -2.603819
29.989272 -2.739087
29.218357 -2.898222
28.563062 -3.033490
27.804974 -3.189977
27.072590 -3.341158
26.391591 -3.481733
25.710617 -3.622301
24.772645 -3.815921
24.181587 -3.937929
23.307878 -4.118283
22.691115 -4.245597
22.022968 -4.383518
21.110702 -4.571831
20.442580 -4.709747
19.684492 -4.866234
19.067729 -4.993548
18.091226 -5.195121
17.345990 -5.348955
16.587902 -5.505443
15.855518 -5.656624
15.161692 -5.799846
14.146606 -6.009383
12.810338 -6.285220
12.013692 -6.449666
10.536072 -6.754681
9.816541 -6.903209
9.045600 -7.062350
8.377479 -7.200265
7.696479 -7.340840
6.771361 -7.531806
6.103214 -7.669727
5.306593 -7.834168
4.715535 -7.956176
3.713328 -8.163055
3.045181 -8.300976
2.274240 -8.460116
1.618945 -8.595385
0.758088 -8.773085
0.025679 -8.924272
-0.693852 -9.072800
-1.516177 -9.242547
-2.171471 -9.377815
-2.929560 -9.534302
-3.674796 -9.688136
-4.445711 -9.847271
-5.229504 -10.009064
-5.833415 -10.133726
-6.591478 -10.290207
-7.362419 -10.449348
-8.146212 -10.611141
-8.955684 -10.778235
-9.533890 -10.897590
-10.343363 -11.064684
-11.101451 -11.221171
-11.769598 -11.359092
-12.604775 -11.531492
-13.542747 -11.725111
-14.789074 -11.982382
-15.521483 -12.133569
-16.472281 -12.329836
-17.294631 -12.499588
-17.924221 -12.629550
-18.566663 -12.762165
-19.466077 -12.947825
-20.082840 -13.075139
-20.956549 -13.255493
-21.611844 -13.390761
-22.369932 -13.547249
-23.076637 -13.693129
-23.911814 -13.865529
-24.605640 -14.008751
-25.350876 -14.162585
-26.134670 -14.324378
-26.789964 -14.459646
-27.715083 -14.650612
-28.434614 -14.799140
-29.192703 -14.955628
-29.873702 -15.096202
-30.631790 -15.252689
-31.723940 -15.478134
-32.867498 -15.714191
-33.625587 -15.870678
-34.255177 -16.000640
-35.077502 -16.170387
-35.797058 -16.318921
-36.555121 -16.475403
-37.261825 -16.621283
-37.942825 -16.761857
-38.790855 -16.936910
-39.523238 -17.088091
-40.332711 -17.255185
-40.910916 -17.374540
-41.527654 -17.501849
-42.529887 -17.708734
-43.185182 -17.844002
-43.866156 -17.984571
-44.727038 -18.162277
-45.472274 -18.316111
-46.166126 -18.459338
-46.847125 -18.599912
-47.463862 -18.727221
-48.286187 -18.896968
-48.941482 -19.032236
-49.725275 -19.194030
-50.380570 -19.329298
-51.164363 -19.491091
-52.423543 -19.751015
-53.335809 -20.949659
-53.914015 -21.786977
-54.556457 -22.717317
-55.430191 -23.982600
-56.753633 -25.899118
-56.085486 -24.134635
-55.455896 -22.471977
-54.260953 -19.316299
-53.515692 -17.348168
-52.847570 -15.583753
-52.115161 -13.649563
-51.524129 -12.088728
-50.843129 -10.290304
-50.020804 -8.118659
-48.735894 -4.725392
-48.003511 -2.791269
-47.296832 -0.925029
-46.615833 0.083093
-45.921981 0.257422
-45.215302 0.434973
-44.521450 0.609301
-43.801919 0.790081
-43.069535 0.974090
-42.388536 1.145190
-41.476270 1.374394
-40.152828 1.706905
-39.369035 1.903831
-38.739445 2.062013
-37.981357 2.252481
-37.223268 2.442948
-36.478032 2.630187
-35.771353 2.807738
-35.000413 3.001434
-34.370823 3.159617
-33.587030 3.356543
-32.751852 3.566379
-32.070853 3.737478
-31.364174 3.915029
-30.516144 4.128094
-29.886554 4.286277
-29.192703 4.460605
-28.434614 4.651072
-27.637994 4.851221
-27.034084 5.002952
-26.031876 5.254754
-25.363729 5.422624
-24.644198 5.603404
-23.988903 5.768045
-23.217962 5.961741
-22.421342 6.161890
-21.663254 6.352357
-20.879460 6.549283
-20.198461 6.720382
-19.350457 6.933441
-18.630900 7.114227
-17.949926 7.285320
-17.178985 7.479017
-16.485133 7.653345
-15.482926 7.905147
-14.827631 8.069788
-14.069543 8.260255
-13.414248 8.424896
-12.579071 8.634732
-11.820982 8.825200
-11.165688 8.989841
-10.433304 9.173850
-9.778009 9.338491
-8.968537 9.541869
-8.146212 9.748475
-7.465212 9.919575
-6.797065 10.087445
-6.064682 10.271454
-5.229504 10.481290
-4.522826 10.658841
-3.854679 10.826711
-3.083738 11.020407
-2.364207 11.201188
-1.580413 11.398113
-0.796646 11.595033
-0.064262 11.779042
0.603885 11.946912
2.068678 12.314937
2.839593 12.508627
3.636239 12.708782
4.432859 12.908931
5.242331 13.112308
5.833389 13.260810
6.578625 13.448049
7.323861 13.635287
8.274685 13.874179
8.891422 14.029132
9.572422 14.200231
10.343337 14.393922
11.075746 14.577937
11.846662 14.771628
12.617602 14.965324
13.337134 15.146104
14.056665 15.326884
14.917547 15.543179
15.714193 15.743334
16.369462 15.907968
17.204639 16.117804
17.949875 16.305042
19.491757 16.692436
20.249845 16.882903
20.930819 17.053996
21.804554 17.273519
22.498380 17.447841
23.256469 17.638309
24.091646 17.848145
24.734088 18.009557
25.556413 18.216163
26.481532 18.448597
27.804974 18.781108
28.473121 18.948978
30.092066 19.355733
31.544006 19.720529
32.250685 19.898080
33.754009 20.275786
34.499245 20.463024
35.090278 20.611519
35.835514 20.798758
36.670691 21.008594
37.428780 21.199061
38.186868 21.389529
38.893547 21.567080
39.561694 21.734950
40.486813 21.967383
41.090698 22.119108
41.797402 22.296665
42.658259 22.512953
44.071642 22.868061
44.739789 23.035931
45.395083 23.200572
46.178851 23.397492
46.949792 23.591188
47.669323 23.771969
48.453116 23.968894
49.108411 24.419016
49.943588 25.806122
50.624562 26.937118
51.305562 28.068157
52.050798 29.305884
52.796034 30.543610
53.541270 31.781337
54.196539 32.869642
54.890391 34.022027
55.751273 35.451824
56.380863 36.497480
55.507128 33.971223
54.916095 32.262352
54.260801 30.367678
53.477008 28.101472
52.192123 24.386445
51.549681 22.528932
50.881534 20.597097
50.072061 18.256644
49.455324 16.473452
48.684383 14.244406
48.054793 12.424053
47.309557 10.269329
46.602879 8.226086
45.806233 5.922720
45.099554 3.879477
44.444260 1.984803
43.737581 0.118725
42.966640 -0.161300
42.247109 -0.307998
41.553257 -0.449460
40.808021 -0.601399
39.985696 -0.769054
38.559486 -1.059829
37.852782 -1.203912
37.184660 -1.340129
36.285221 -1.523506
35.668483 -1.649246
35.013189 -1.782848
34.242248 -1.940027
33.664068 -2.057906
32.854570 -2.222946
32.057950 -2.385361
31.402655 -2.518962
30.490389 -2.704955
29.835094 -2.838556
29.115563 -2.985254
28.460268 -3.118855
27.702180 -3.273414
27.072590 -3.401775
26.147471 -3.590388
25.479324 -3.726609
24.721236 -3.881168
24.053114 -4.017385
23.384967 -4.153606
22.601174 -4.313406
21.830259 -4.470580
21.046465 -4.630379
20.314082 -4.779698
19.620230 -4.921160
18.849315 -5.078334
18.052669 -5.240754
17.294606 -5.395307
16.575049 -5.542010
15.739872 -5.712286
15.046046 -5.853743
14.223721 -6.021399
13.555574 -6.157620
12.771780 -6.317420
11.988013 -6.477214
11.204219 -6.637014
10.587482 -6.762754
9.726600 -6.938271
9.084158 -7.069251
8.197596 -7.250003
7.452360 -7.401942
6.681419 -7.559121
6.013272 -7.695343
5.242331 -7.852522
4.471416 -8.009696
3.816121 -8.143297
3.006623 -8.308338
2.145767 -8.483849
1.541856 -8.606974
0.680974 -8.782490
-0.038557 -8.929188
-0.732384 -9.070645
-1.606118 -9.248782
-2.312797 -9.392860
-3.019501 -9.536942
-3.803269 -9.696737
-4.509973 -9.840819
-5.512181 -10.045149
-6.707124 -10.288774
-7.439508 -10.438092
-8.030566 -10.558597
-9.032773 -10.762927
-9.675216 -10.893908
-10.433304 -11.048466
-11.101451 -11.184688
-11.743893 -11.315669
-12.656160 -11.501662
-13.401396 -11.653600
-14.172336 -11.810779
-14.866188 -11.952242
-15.855544 -12.153951
-16.575075 -12.300649
-17.230369 -12.434250
-17.962753 -12.583568
-18.643752 -12.722410
-19.581724 -12.913644
-20.301255 -13.060342
-20.943697 -13.191322
-21.766047 -13.358983
-22.421342 -13.492584
-23.217962 -13.654999
-24.001755 -13.814799
-24.901169 -13.998171
-26.237463 -14.270614
-26.995552 -14.425173
-27.727935 -14.574491
-28.460319 -14.723809
-29.089909 -14.852170
-30.002175 -15.038163
-30.721732 -15.184866
-31.531204 -15.349901
-32.173647 -15.480882
-33.047381 -15.659018
-33.754060 -15.803096
-34.435059 -15.941938
-35.180295 -16.093876
-35.874147 -16.235339
-36.580826 -16.379416
-37.390299 -16.544451
-38.007061 -16.670197
-38.970737 -16.866671
-39.574622 -16.989791
-40.551151 -17.188885
-41.180741 -17.317246
-41.861740 -17.456088
-42.594124 -17.605406
-43.326507 -17.754724
-43.917565 -17.875229
-44.701333 -18.035023
-45.497979 -18.197443
-46.089037 -18.317948
-46.808568 -18.464645
-47.643745 -18.634921
-48.221951 -18.752806
-49.005744 -18.912605
-49.661039 -19.046206
-50.419102 -19.200760
-51.164363 -19.352704
-51.896747 -19.502022
-52.539189 -19.633003
-53.387219 -20.663948
-54.016808 -21.570526
-54.672103 -22.514117
-55.468749 -23.661246
-56.124043 -24.604838
-56.894984 -25.714954
-56.072634 -23.543429
-55.417339 -21.813038
-54.235248 -18.691572
-53.567101 -16.927241
-52.873250 -15.095034
-52.140866 -13.161079
-51.511276 -11.498564
-50.791745 -9.598547
-50.213539 -8.071719
-49.468303 -6.103825
-48.723067 -4.135932
-48.042068 -2.337663
-47.296832 -0.369769
-46.667217 0.122500
-45.138213 0.505074
-44.560007 0.649748
-43.737682 0.855504
-43.056683 1.025898
-42.465625 1.173787
-41.579063 1.395615
-40.859507 1.575657
-40.114271 1.762124
-39.446149 1.929295
-38.623799 2.135057
-37.878563 2.321524
-37.223268 2.485486
-36.413796 2.688026
-35.822738 2.835915
-35.000413 3.041671
-34.255177 3.228138
-33.587030 3.395316
-32.739000 3.607503
-31.222823 3.986868
-30.606086 4.141183
-29.950791 4.305145
-29.154171 4.504469
-28.383230 4.697367
-27.650846 4.880618
-26.828496 5.086380
-26.096112 5.269631
-25.376581 5.449666
-24.489994 5.671500
-23.898962 5.819384
-23.140873 6.009066
-22.421342 6.189101
-21.740343 6.359495
-20.789519 6.597403
-19.401841 6.944616
-18.630900 7.137514
-17.859959 7.330413
-17.153280 7.507232
-16.395192 7.696915
-15.547162 7.909102
-14.930425 8.063417
-14.043838 8.285251
-13.285775 8.474927
-12.694717 8.622817
-11.808130 8.844651
-11.229950 8.989319
-10.330510 9.214369
-9.610979 9.394404
-8.955684 9.558367
-8.184744 9.751265
-7.516597 9.918443
-6.694272 10.124198
-5.949036 10.310665
-5.293741 10.474628
-4.535653 10.664310
-3.867531 10.831482
-3.045206 11.037237
-2.338502 11.214063
-1.606118 11.397314
-0.976528 11.554845
-0.192735 11.750959
0.629590 11.956714
1.439062 12.159254
2.068678 12.316791
2.903855 12.525762
3.649091 12.712229
4.381475 12.895480
5.190947 13.098019
5.820537 13.255550
6.514389 13.429160
7.336714 13.634915
8.056245 13.814950
8.865718 14.017490
9.521012 14.181452
10.202012 14.351846
11.062894 14.567249
11.859514 14.766573
12.514809 14.930535
13.401370 15.152363
14.030985 15.309900
14.866163 15.518871
15.688488 15.724627
16.343782 15.888589
17.166107 16.094344
18.026990 16.309747
18.746521 16.489782
19.427520 16.660176
20.224140 16.859500
21.007908 17.055608
21.830259 17.261370
22.511233 17.431757
23.230764 17.611792
24.117351 17.833627
24.849734 18.016878
25.530734 18.187272
26.365911 18.396243
27.021206 18.560205
27.856383 18.769177
28.537357 18.939564
29.244061 19.116390
29.989272 19.302850
30.657419 19.470029
31.505449 19.682215
32.237832 19.865466
33.047305 20.068006
33.728304 20.238400
34.396451 20.405578
35.270161 20.624190
35.874071 20.775296
36.670691 20.974620
37.415927 21.161086
38.238252 21.366842
38.906399 21.534020
39.613078 21.710839
40.294077 21.881233
41.244901 22.119140
41.938727 22.292744
42.671111 22.475995
43.364963 22.649605
44.045937 22.819992
44.842582 23.019322
45.703439 23.234719
47.065438 23.575507
47.746412 23.745895
48.504500 23.935577
49.198352 24.515924
49.917883 25.708858
50.650267 26.923100
51.382651 28.137342
52.153591 29.415509
52.796034 30.480634
53.502712 31.652260
54.183712 32.781310
55.070273 34.251169
55.969687 35.742336
57.113246 37.638279
57.819925 38.809904
58.513777 39.960263
59.271840 41.217080
59.939987 42.324822
60.633839 43.475181
61.327665 44.625498
62.098606 45.903665
62.805285 47.075291
63.486284 48.204341
64.154406 49.312041
64.745464 50.291975
65.542084 51.612717
66.313025 52.890884
66.929762 53.913393
67.674998 55.148944
68.330293 56.235377
69.126913 57.556119
69.795060 58.663862
70.463207 59.771604
71.272679 61.113654
71.850885 62.072280
72.660358 63.414330
73.508387 64.820306
74.716183 64.946321
75.589892 64.716014
76.913334 64.367159
77.658570 64.170717
79.174721 63.771065
80.523842 63.415441
81.217694 63.232544
82.027166 63.019169
82.682461 62.846436
83.427697 62.649994
84.185785 62.450164
84.853907 62.274050
85.868967 62.006483
86.472878 61.847294
87.102467 61.681337
87.950497 61.457799
89.518033 61.044601
90.211885 60.861704
90.944268 60.668650
91.715209 60.465433
92.331946 60.302863
91.162708 56.950397
90.571650 55.255703
89.967765 53.524230
88.785649 50.134841
88.104675 48.182338
86.652760 44.019376
85.997466 42.140500
85.355024 40.298476
84.018730 36.467024
83.389140 34.661851
82.669609 32.598795
82.065724 30.867322
81.230546 28.472683
80.600956 26.667510
79.804311 24.383350
79.213278 22.688728
78.352396 20.220388
77.620012 18.120481
76.309423 14.362731
75.641302 12.447078
74.998834 10.604981
74.099420 8.026161
73.495535 6.294689
72.814536 4.342112
72.082152 2.242206
71.491119 0.547584
70.707326 -0.095553
69.936411 -0.219813
69.242559 -0.331652
68.625822 -0.431062
67.674998 -0.584321
66.955467 -0.700299
66.261615 -0.812138
65.477847 -0.938470
64.784021 -1.050305
63.948843 -1.184923
63.306401 -1.288476
62.638254 -1.396172
61.893018 -1.516293
61.186339 -1.630199
60.286900 -1.775176
59.670163 -1.874585
58.989163 -1.984353
58.115454 -2.125182
57.511544 -2.222524
56.792012 -2.338502
56.033924 -2.460695
55.301540 -2.578745
53.811094 -2.818983
53.130094 -2.928751
52.449095 -3.038518
51.613918 -3.173137
50.162003 -3.407164
49.301121 -3.545926
48.632999 -3.653618
47.900615 -3.771668
47.155379 -3.891789
46.384439 -4.016054
45.574966 -4.146529
44.816878 -4.268722
44.123051 -4.380557
43.172228 -4.533816
41.874491 -4.742992
41.142107 -4.861042
40.409724 -4.979092
39.664488 -5.099213
38.880694 -5.225550
38.161163 -5.341528
37.441632 -5.457506
36.645012 -5.585910
35.822661 -5.718461
35.154540 -5.826152
34.422156 -5.944202
33.766862 -6.049826
32.905979 -6.188588
32.173596 -6.306638
31.479744 -6.418477
30.657419 -6.551024
29.950740 -6.664930
29.154095 -6.793338
28.447416 -6.907244
27.715032 -7.025294
26.982649 -7.143344
26.070382 -7.290388
25.479324 -7.385658
24.644147 -7.520277
23.950320 -7.632112
23.333558 -7.731525
22.318497 -7.895138
21.688908 -7.996619
20.956524 -8.114669
20.211288 -8.234790
19.504609 -8.348697
18.720816 -8.475033
17.937048 -8.601365
17.076166 -8.740127
16.433724 -8.843679
15.482900 -8.996938
14.840458 -9.100491
14.133779 -9.214397
13.375691 -9.336590
12.489104 -9.479496
11.589690 -9.624468
10.369042 -9.821219
9.482480 -9.964120
8.865718 -10.063533
7.850657 -10.227147
7.272477 -10.320341
6.527241 -10.440462
5.756300 -10.564727
5.088153 -10.672423
4.265828 -10.804970
3.494888 -10.929234
2.813888 -11.039002
2.132914 -11.148765
1.361973 -11.273029
0.501091 -11.411791
-0.205588 -11.525698
-1.079322 -11.666531
-1.824558 -11.786653
-2.659736 -11.921271
-3.237916 -12.014466
-4.098798 -12.153227
-4.741240 -12.256780
-5.447944 -12.370690
-6.206033 -12.492883
-6.925564 -12.608862
-7.799273 -12.749691
-8.377479 -12.842889
-9.161272 -12.969226
-10.009302 -13.105916
-10.664596 -13.211540
-11.422685 -13.333733
-12.103659 -13.443496
-13.080187 -13.600899
-13.786866 -13.714805
-14.480718 -13.826644
-15.238806 -13.948837
-15.945485 -14.062743
-16.844899 -14.207716
-17.474514 -14.309201
-18.219750 -14.429322
-19.029223 -14.559798
-19.710222 -14.669565
-20.571079 -14.808323
-21.239226 -14.916019
-21.971610 -15.034068
-22.626904 -15.139692
-23.513491 -15.282598
-24.374373 -15.421359
-25.055347 -15.531123
-25.710642 -15.636747
-27.393849 -15.908056
-28.113406 -16.024038
-28.845789 -16.142088
-29.501084 -16.247712
-30.426203 -16.396828
-31.055793 -16.498308
-31.762497 -16.612219
-32.584822 -16.744766
-33.381442 -16.873170
-34.049589 -16.980865
-34.743441 -17.092704
-35.565766 -17.225251
-36.311002 -17.345373
-36.914912 -17.442714
-37.878563 -17.598041
-38.508178 -17.699526
-39.330503 -17.832073
-40.062887 -17.950123
-41.501974 -18.182083
-42.195801 -18.293918
-42.992446 -18.422326
-43.647741 -18.527950
-44.482918 -18.662569
-45.189597 -18.776475
-45.909154 -18.892457
-46.641537 -19.010507
-47.258275 -19.109916
-48.003511 -19.230038
-48.748747 -19.350159
-49.429746 -19.459926
-50.213539 -19.666213
-50.907366 -20.557865
-51.626922 -21.482583
-52.372158 -22.440302
-53.014601 -23.265919
-53.862630 -24.355741
-54.453688 -25.115323
-55.198924 -26.073042
-55.957013 -27.047279
-56.663692 -27.955447
-57.408928 -28.913167
-58.141311 -29.854369
-58.758074 -30.646985
-59.528989 -31.637706
-60.274251 -32.595458
-61.058019 -33.602695
-61.854664 -34.626482
-63.190958 -36.343784
-64.038988 -37.433606
-64.758519 -38.358291
-66.030551 -39.993008
-66.737255 -40.901209
-67.546728 -41.941481
-68.394758 -43.031303
-69.641110 -44.633018
-70.463435 -45.689806
-71.144435 -46.564974
-71.889671 -47.522693
-72.609227 -48.447412
-73.200260 -49.206961
-73.996906 -50.230748
-74.703584 -51.138917
-75.513082 -52.179221
-76.245466 -53.093105
-76.964997 -52.705730
-77.800200 -51.924293
-78.468322 -51.299182
-79.239262 -50.577870
-79.856025 -50.000811
-80.704055 -49.207373
-81.385054 -48.570213
-82.323026 -47.692623
-82.939763 -47.115588
-83.723556 -46.382252
-84.481645 -45.672965
-85.188323 -44.964584
-85.972117 -43.992739
-86.743057 -43.036830
-87.552530 -42.033144
-88.233529 -41.188756
-89.325704 -39.834541
-89.916737 -39.101704
-90.790471 -38.018338
-91.754147 -36.823452
-92.396589 -36.026871
-93.308856 -34.895729
-94.054117 -33.971660
-94.747944 -33.111367
-94.118354 -31.462382
-93.488764 -29.813396
-92.782060 -27.962437
-92.126765 -26.246127
-90.726235 -22.577937
-90.032383 -20.760640
-89.325704 -18.909748
-88.670384 -17.193371
-87.835207 -15.005922
-87.218469 -13.390599
-86.550322 -11.640626
-85.843618 -9.789667
-85.239733 -8.208006
-84.417383 -6.054153
-83.672147 -4.102274
-83.016852 -2.385963
-82.297321 -0.501409
-81.603469 0.035471
-80.781144 0.093529
-80.164381 0.137073
-79.470555 0.186058
-78.686762 0.241395
-77.967230 0.292195
-77.234847 0.343903
-76.425349 0.401055
-75.808611 0.444597
-75.089055 0.495399
-74.151084 0.561621
-73.470084 0.609701
-72.776258 0.658686
-72.120963 0.704951
-71.182992 0.771173
-70.527697 0.817438
-69.718199 0.874590
-69.050052 0.921762
-68.369078 0.969840
-67.341140 1.042414
-66.017724 1.135849
-65.259636 1.189372
-63.666370 1.301859
-63.023902 1.347218
-62.252987 1.401646
-61.482046 1.456076
-60.685401 1.512320
-60.068663 1.555863
-59.246338 1.613920
-58.501077 1.666537
-57.781546 1.717337
-56.882132 1.780837
-55.558690 1.874274
-54.826306 1.925981
-53.335809 2.031213
-52.603425 2.082920
-51.909599 2.131906
-51.112953 2.188150
-50.496216 2.231693
-49.661039 2.290658
-48.787304 2.352345
-48.132009 2.398609
-47.502420 2.443059
-46.577275 2.508376
-45.960538 2.551919
-45.163918 2.608161
-44.508598 2.654428
-43.789067 2.705228
-42.928184 2.766008
-42.272890 2.812273
-41.501974 2.866700
-40.718181 2.922037
-39.908709 2.979188
-39.189152 3.029989
-38.533857 3.076254
-37.724385 3.133404
-36.914912 3.190554
-36.118267 3.246799
-35.450120 3.293971
-34.769120 3.342051
-33.908263 3.402829
-32.443471 3.506245
-31.608293 3.565210
-30.991556 3.608753
-30.182083 3.665903
-29.462527 3.716705
-28.665907 3.772947
-27.946350 3.823749
-27.175435 3.878177
-26.404494 3.932607
-25.633553 3.987036
-24.875465 4.040559
-24.065992 4.097709
-23.372140 4.146696
-22.472726 4.210196
-21.740343 4.261903
-21.085048 4.308168
-20.352664 4.359875
-19.594576 4.413398
-18.836488 4.466920
-18.001310 4.525885
-17.294631 4.575777
-16.536543 4.629300
-15.945485 4.671029
-15.097455 4.730902
-14.300835 4.787144
-13.465658 4.846109
-12.681864 4.901446
-11.910924 4.955876
-11.140008 5.010304
-10.433304 5.060198
-9.700920 5.111905
-8.955684 5.164520
-8.210448 5.217135
-7.413828 5.273378
-6.707124 5.323272
-6.000445 5.373165
-5.255209 5.425780
-4.535653 5.476582
-3.777590 5.530102
-3.032354 5.582717
-2.274265 5.636239
-1.606118 5.683411
-0.873735 5.735119
0.012852 5.797713
0.706679 5.846699
1.374826 5.893871
2.042973 5.941043
3.045181 6.011801
3.790417 6.064415
4.574210 6.119752
5.319446 6.172367
6.681419 6.268525
7.452360 6.322954
8.159039 6.372847
9.032773 6.434534
10.446131 6.534319
11.255629 6.591471
12.065102 6.648621
12.694691 6.693071
13.606958 6.757479
14.352194 6.810094
15.123135 6.864523
15.855518 6.916231
16.819194 6.984268
17.410227 7.025996
18.206872 7.082240
19.042050 7.141205
19.774433 7.192912
20.429728 7.239177
21.277758 7.299049
21.945879 7.346220
22.806762 7.407000
23.577702 7.461429
24.310086 7.513137
24.991060 7.561215
25.787706 7.617459
26.507237 7.668259
27.303857 7.724502
28.036266 7.776211
28.820034 7.831546
29.501033 7.879626
30.207712 7.929518
31.042889 7.988483
31.788125 8.041098
32.597598 8.098248
33.329982 8.149956
34.100922 8.204385
35.013189 8.268793
36.285221 8.358600
36.979073 8.407587
37.711456 8.459295
38.572338 8.520074
39.253312 8.568152
40.101342 8.628025
40.782342 8.676104
41.463316 8.724182
42.311345 8.784054
43.030877 8.834854
43.840375 8.892006
44.508496 8.939177
45.510729 9.009936
46.885555 9.107001
47.579382 9.155986
48.324618 9.208601
49.211179 9.271194
50.688799 9.375516
51.459740 9.429945
52.115034 9.476210
52.924507 9.533360
53.772537 9.593233
54.427831 9.639497
55.237304 9.696648
56.072481 9.755612
56.676392 9.798249
57.601485 9.863562
58.205395 9.906199
59.785809 10.017779
60.453956 10.064951
61.263428 10.122101
62.034344 10.176529
62.676786 10.221887
63.473432 10.278131
64.270052 10.334374
65.002435 10.386081
65.734819 10.437789
66.480055 10.490404
67.238143 10.543926
67.944822 10.593819
68.882793 10.660041
70.309003 11.519393
70.990003 12.059595
70.026352 9.296594
69.268264 7.122987
68.574412 5.133559
67.816349 2.960024
67.173907 1.118000
66.364409 -0.030119
65.683435 -0.079003
64.989583 -0.128812
64.257199 -0.181386
63.679019 -0.222891
62.843842 -0.282845
62.008664 -0.342798
61.314813 -0.392607
60.556724 -0.447026
59.888603 -0.494988
58.989163 -0.559554
57.691452 -0.652711
56.946216 -0.706208
56.136718 -0.764318
55.352950 -0.820582
54.684803 -0.868545
53.926715 -0.922964
53.168652 -0.977382
52.320622 -1.038258
51.678180 -1.084376
50.855855 -1.143407
50.251944 -1.186759
49.506708 -1.240256
48.620147 -1.303899
47.926295 -1.353707
47.129675 -1.410893
46.371586 -1.465313
45.562114 -1.523421
44.932524 -1.568616
44.161583 -1.623959
43.403495 -1.678378
42.735373 -1.726340
41.835934 -1.790906
41.180639 -1.837947
40.499665 -1.886831
39.690192 -1.944939
38.829310 -2.006738
38.058369 -2.062080
37.403075 -2.109121
36.645012 -2.163539
35.861219 -2.219804
34.486393 -2.318496
33.741157 -2.371993
32.995921 -2.425490
32.224980 -2.480833
30.747360 -2.586904
29.950740 -2.644090
29.295446 -2.691131
28.498825 -2.748316
26.995501 -2.856233
26.301649 -2.906041
25.543561 -2.960461
24.772645 -3.015802
24.117351 -3.062842
23.295026 -3.121873
22.626879 -3.169836
21.830259 -3.227022
20.982229 -3.287898
20.365466 -3.332173
19.645935 -3.383825
18.836462 -3.441933
18.014137 -3.500964
17.076166 -3.568297
15.778429 -3.661455
15.007488 -3.716798
14.249400 -3.771217
13.452780 -3.828403
12.681839 -3.883745
11.910924 -3.939086
11.255629 -3.986126
10.407599 -4.047003
9.636658 -4.102345
8.891422 -4.155842
8.146186 -4.209339
7.336714 -4.267447
6.398743 -4.334780
5.229479 -4.418716
4.368622 -4.480513
3.661918 -4.531244
2.711120 -4.599498
2.004416 -4.650229
1.413383 -4.692656
0.565353 -4.753532
-0.925119 -4.860527
-1.721764 -4.917714
-2.454148 -4.970289
-3.096590 -5.016407
-4.060266 -5.085584
-4.741240 -5.134468
-5.486476 -5.187966
-6.218860 -5.240540
-7.812126 -5.354913
-8.467420 -5.401954
-9.212656 -5.455451
-9.880803 -5.503414
-10.536098 -5.550455
-11.448364 -5.615942
-12.180748 -5.668517
-13.028778 -5.729393
-13.709777 -5.778279
-14.416456 -5.829008
-15.251633 -5.888961
-16.112515 -5.950760
-16.780662 -5.998723
-18.296839 -6.107563
-19.054928 -6.161983
-19.735902 -6.210867
-20.545400 -6.268977
-21.290636 -6.322474
-22.048724 -6.376894
-22.819639 -6.432234
-23.603433 -6.488499
-24.322964 -6.540151
-25.183846 -6.601950
-25.890525 -6.652679
-26.635761 -6.706176
-27.445259 -6.764286
-28.190495 -6.817783
-28.820085 -6.862979
-29.745203 -6.929389
-30.439055 -6.979197
-31.171439 -7.031771
-32.058000 -7.095414
-32.674763 -7.139688
-33.535645 -7.201487
-34.255177 -7.253139
-34.871914 -7.297412
-35.771353 -7.361978
-36.490885 -7.413630
-37.223268 -7.466205
-38.032766 -7.524315
-38.765150 -7.576889
-39.536091 -7.632232
-40.268474 -7.684806
-41.000858 -7.737380
-41.797478 -7.794566
-42.619828 -7.853599
-43.390744 -7.908939
-43.981802 -7.951369
-44.727038 -8.004866
-45.613625 -8.068510
-46.230362 -8.112783
-46.975598 -8.166280
-47.695155 -8.217933
-48.466070 -8.273274
-49.069981 -8.316626
-49.776659 -8.367355
-50.714631 -8.434688
-51.421335 -8.485419
-52.166571 -8.538916
-52.834718 -8.586879
-53.682748 -8.647755
-54.440836 -8.702175
-55.121810 -8.751059
-55.957013 -8.811014
-56.676544 -8.862666
-57.447485 -8.918009
-58.205573 -8.972428
-58.963662 -9.026848
-59.670340 -9.077577
-60.299930 -9.122773
-61.147960 -9.183649
-61.906048 -9.238068
-62.625605 -9.289722
-63.383693 -9.344142
-64.141756 -9.398560
-64.822756 -9.447446
-65.606549 -9.503710
-66.300401 -9.553519
-67.251199 -9.621772
-67.880814 -9.666970
-68.626050 -9.720467
-69.332729 -9.771196
-70.232168 -9.835763
-71.067346 -9.895716
-71.735493 -9.943679
-71.041641 -8.127701
-69.975197 -5.336557
-68.793081 -2.242672
-68.034992 -0.258571
-67.353993 0.037628
-66.403169 0.099080
-65.054048 0.186273
-64.373049 0.230286
-62.869724 0.327446
-62.085931 0.378103
-61.327843 0.427098
-60.672548 0.469449
-59.734577 0.530071
-59.040751 0.574912
-58.398308 0.616434
-57.524574 0.672903
-56.869279 0.715255
-56.111191 0.764250
-55.288866 0.817397
-54.633571 0.859748
-53.978277 0.902100
-53.168779 0.954418
-52.359306 1.006734
-51.588365 1.056560
-50.868834 1.103063
-50.085041 1.153720
-49.416894 1.196902
-48.620274 1.248388
-47.887865 1.295723
-47.194038 1.340565
-46.435950 1.389560
-45.780655 1.431912
-44.958330 1.485059
-44.213094 1.533224
-43.622036 1.571424
-42.761154 1.627062
-42.093007 1.670245
-41.322066 1.720071
-40.564003 1.769064
-39.831594 1.816400
-38.855091 1.879511
-37.557354 1.963384
-36.773561 2.014040
-36.092562 2.058053
-35.283089 2.110370
-34.537853 2.158534
-33.766912 2.208360
-32.995972 2.258186
-32.366382 2.298876
-31.569762 2.350362
-30.798821 2.400188
-29.963643 2.454165
-29.359733 2.493196
-28.486024 2.549664
-27.727935 2.598659
-27.046936 2.642672
-26.288848 2.691667
-25.492227 2.743153
-24.605640 2.800453
-23.988903 2.840313
-23.166578 2.893459
-22.459874 2.939134
-21.676106 2.989789
-20.969402 3.035463
-20.301255 3.078645
-19.478930 3.131792
-18.618048 3.187431
-17.924221 3.232273
-17.127576 3.283760
-16.395192 3.331094
-15.637104 3.380089
-14.968957 3.423272
-13.979601 3.487214
-12.669012 3.571917
-11.820982 3.626725
-11.088599 3.674059
-10.304831 3.724714
-9.585274 3.771219
-8.840038 3.819383
-8.210448 3.860074
-7.413828 3.911559
-6.565798 3.966367
-5.884799 4.010380
-5.203800 4.054393
-4.214444 4.118335
-3.559150 4.160687
-2.865298 4.205531
-2.107235 4.254524
-1.336294 4.304350
-0.539648 4.355837
0.154178 4.400679
0.873709 4.447183
1.606093 4.494517
2.377034 4.544342
3.880358 4.641502
4.638446 4.690498
5.293741 4.732849
6.128918 4.786827
6.732803 4.825856
7.542301 4.878174
8.454568 4.937133
9.097010 4.978654
9.996424 5.036783
10.651719 5.079135
11.409807 5.128130
12.180748 5.177956
12.913131 5.225290
13.722604 5.277606
14.429283 5.323279
15.328722 5.381410
16.061106 5.428744
16.703548 5.470265
17.718608 5.535868
18.386755 5.579050
19.119139 5.626384
19.941464 5.679531
20.532522 5.717731
21.547582 5.783335
22.215704 5.826515
22.845319 5.867207
23.667644 5.920354
24.502821 5.974332
25.222352 6.020835
25.954736 6.068169
26.699972 6.116333
27.470913 6.166159
28.293238 6.219306
28.999917 6.264979
29.770857 6.314805
30.477536 6.360477
31.184240 6.406152
32.045097 6.461789
32.803186 6.510784
33.509864 6.556457
34.267953 6.605452
34.987484 6.651955
35.681336 6.696799
36.580750 6.754928
37.236044 6.797280
37.929896 6.842123
38.855015 6.901914
39.484605 6.942604
40.281225 6.994089
41.052166 7.043915
41.720313 7.087098
42.748200 7.153530
43.994553 7.234082
44.791173 7.285567
45.677760 7.342867
46.358734 7.386879
47.014028 7.429230
47.836353 7.482377
48.645851 7.534695
50.123471 7.630194
50.791593 7.673374
51.691032 7.731505
52.320622 7.772195
53.271420 7.833645
53.926715 7.875997
54.646271 7.922502
55.404334 7.971496
56.085334 8.015509
57.023305 8.076130
57.704279 8.120141
58.436662 8.167475
59.156219 8.213980
59.965692 8.266296
60.595281 8.306986
61.417606 8.360133
62.214227 8.411619
62.843842 8.452311
63.820345 8.515422
64.398550 8.552792
65.118082 8.599295
65.940407 8.652442
66.544292 8.691471
67.482263 8.752092
68.124705 8.793613
69.024119 8.851742
69.666561 8.893263
70.578853 8.952224
71.157033 8.989592
70.180530 6.189741
69.191175 3.353040
67.854881 -0.011558
67.161054 -0.059621
66.467203 -0.107685
65.580641 -0.169098
64.963904 -0.211820
64.270052 -0.259884
63.511963 -0.312398
62.805285 -0.361350
62.098606 -0.410303
61.327665 -0.463707
60.505340 -0.520670
59.837193 -0.566954
58.847838 -0.635487
57.614337 -0.720934
56.830570 -0.775226
55.237304 -0.885594
54.620566 -0.928316
53.836773 -0.982610
53.040153 -1.037793
51.588238 -1.138369
50.753061 -1.196223
50.007825 -1.247846
49.301121 -1.296801
48.491648 -1.352874
47.849206 -1.397376
47.014028 -1.455230
46.243113 -1.508633
45.626350 -1.551356
44.624142 -1.620781
44.045937 -1.660834
43.287874 -1.713346
42.594022 -1.761410
41.861638 -1.812143
41.013609 -1.870887
40.332635 -1.918059
39.548841 -1.972353
38.957783 -2.013296
38.045517 -2.076490
37.313133 -2.127223
36.683544 -2.170836
35.771277 -2.234030
35.128835 -2.278533
34.139480 -2.347066
32.944537 -2.429842
32.083654 -2.489476
31.402655 -2.536650
30.451831 -2.602514
29.192652 -2.689739
28.383179 -2.745813
27.689327 -2.793877
26.867002 -2.850840
26.108914 -2.903354
25.376530 -2.954087
24.695556 -3.001259
23.796117 -3.063564
23.140822 -3.108957
22.524085 -3.151679
21.688908 -3.209533
20.995081 -3.257595
20.236993 -3.310109
19.299022 -3.375084
18.656579 -3.419586
17.988432 -3.465870
17.127550 -3.525504
16.420871 -3.574457
15.624251 -3.629640
14.891842 -3.680374
14.133779 -3.732886
13.362838 -3.786290
12.591898 -3.839694
11.885219 -3.888647
11.101426 -3.942941
10.381894 -3.992784
9.508160 -4.053309
8.852865 -4.098702
8.056245 -4.153885
7.375246 -4.201058
6.398743 -4.268702
5.782005 -4.311424
5.139538 -4.355929
4.342917 -4.411112
3.597681 -4.462735
2.659710 -4.527710
1.965884 -4.575772
1.323442 -4.620275
0.501091 -4.677240
-0.128499 -4.720852
-1.079322 -4.786717
-1.824558 -4.838340
-2.505532 -4.885512
-3.225089 -4.935357
-4.060266 -4.993211
-4.728388 -5.039492
-5.537886 -5.095567
-6.244565 -5.144520
-6.912712 -5.190803
-7.979156 -5.264677
-9.289745 -5.355463
-9.983597 -5.403527
-10.870159 -5.464940
-11.615395 -5.516564
-12.322099 -5.565518
-13.182981 -5.625153
-14.532102 -5.718608
-15.315895 -5.772902
-16.035426 -5.822745
-16.883456 -5.881489
-17.564456 -5.928663
-18.463870 -5.990966
-19.209106 -6.042590
-19.851548 -6.087093
-20.583931 -6.137826
-21.277783 -6.185890
-22.241459 -6.252645
-22.883901 -6.297148
-23.706226 -6.354111
-24.438610 -6.404844
-25.209551 -6.458248
-25.967639 -6.510762
-26.777112 -6.566835
-27.496643 -6.616678
-28.306141 -6.672753
-29.102761 -6.727936
-29.758056 -6.773329
-30.567528 -6.829402
-31.325617 -6.881916
-32.045173 -6.931760
-32.726147 -6.978932
-33.561325 -7.036786
-34.280881 -7.086631
-34.987560 -7.135583
-35.912679 -7.199667
-36.632236 -7.249512
-37.364619 -7.300245
-38.174092 -7.356318
-38.906475 -7.407051
-39.536091 -7.450666
-40.396947 -7.510298
-41.142183 -7.561922
-41.925977 -7.616216
-42.581271 -7.661609
-43.313655 -7.712342
-44.084596 -7.765746
-44.829832 -7.817370
-45.613625 -7.871664
-46.268919 -7.917057
-47.206891 -7.982031
-48.504627 -8.071927
-49.365510 -8.131562
-50.033657 -8.177845
-50.778893 -8.229469
-51.549808 -8.282871
-52.269365 -8.332715
-52.988896 -8.382558
-53.914015 -8.446642
-54.556457 -8.491145
-55.327398 -8.544549
-56.059781 -8.595282
-56.702249 -8.639787
-57.588810 -8.701200
-58.282662 -8.749264
-59.002193 -8.799107
-59.798839 -8.854292
-60.454134 -8.899685
-61.173665 -8.949527
-61.970310 -9.004712
-62.728373 -9.057224
-63.409373 -9.104398
-64.462990 -9.177383
-65.760727 -9.267279
-66.416022 -9.312672
-67.302609 -9.374087
-68.150638 -9.432831
-69.448375 -9.522727
-70.283553 -9.580581
-71.748345 -9.682049
-70.848906 -7.328204
-69.564021 -3.965645
-68.767376 -1.880813
-68.124934 -0.199534
-67.405402 0.034717
-66.570225 0.079790
-65.850668 0.118623
-65.105432 0.158841
-64.450138 0.194206
-62.959666 0.274644
-62.163020 0.317637
-61.327843 0.362710
-60.595459 0.402235
-59.837371 0.443148
-59.066430 0.484754
-58.398308 0.520811
-57.614515 0.563110
-56.907811 0.601250
-56.059781 0.647016
-55.340250 0.685848
-54.684955 0.721213
-53.914015 0.762819
-53.297277 0.796103
-52.397838 0.844643
-51.626922 0.886248
-50.907366 0.925081
-50.264924 0.959752
-49.352657 1.008985
-48.645953 1.047125
-47.952127 1.084569
-47.206891 1.124788
-46.346008 1.171248
-45.048272 1.241284
-44.225947 1.285663
-43.557800 1.321722
-42.825391 1.361248
-42.080155 1.401467
-41.322066 1.442380
-40.525446 1.485371
-39.805915 1.524203
-39.086358 1.563036
-38.315443 1.604641
-37.518797 1.647634
-36.722177 1.690626
-36.131119 1.722524
-35.231705 1.771064
-34.602090 1.805043
-33.715528 1.852888
-32.983145 1.892414
-32.404939 1.923618
-31.479820 1.973545
-30.798821 2.010297
-30.027880 2.051903
-29.231260 2.094895
-28.653054 2.126099
-27.727935 2.176026
-26.892758 2.221099
-26.224611 2.257157
-25.453670 2.298763
-24.849785 2.331354
-23.963198 2.379201
-23.140873 2.423580
-22.459874 2.460332
-21.714638 2.500551
-20.828076 2.548397
-20.237018 2.580295
-19.427546 2.623981
-18.630900 2.666974
-17.911369 2.705806
-17.114723 2.748799
-16.408044 2.786937
-15.624251 2.829237
-14.724837 2.877776
-13.375716 2.950585
-12.579071 2.993579
-11.808130 3.035185
-11.127156 3.071935
-10.317658 3.115622
-9.610979 3.153760
-8.788654 3.198139
-8.120507 3.234198
-7.362419 3.275110
-6.591478 3.316716
-5.820562 3.358321
-5.101006 3.397154
-4.407179 3.434598
-3.584854 3.478977
-2.826766 3.519890
-2.145767 3.556642
-1.310589 3.601715
-0.642442 3.637773
0.102794 3.677992
0.925119 3.722371
1.541856 3.755655
2.428443 3.803502
3.045181 3.836786
4.047388 3.890873
4.728388 3.927626
5.357978 3.961603
6.090361 4.001128
6.874154 4.043428
7.683627 4.087114
8.467420 4.129413
9.199804 4.168939
10.883011 4.259778
12.193575 4.330506
13.041605 4.376272
13.722604 4.413025
14.532077 4.456710
15.315870 4.499010
16.112490 4.542002
16.870578 4.582914
17.744313 4.630068
18.412435 4.666125
19.196228 4.708424
20.018553 4.752804
21.611819 4.838789
22.267113 4.874154
23.025202 4.915066
23.796117 4.956671
24.502821 4.994810
25.260910 5.035723
26.006120 5.075940
26.738529 5.115467
27.509445 5.157071
28.151887 5.191743
29.115563 5.243750
29.835094 5.282582
30.541773 5.320720
31.364123 5.365100
32.045097 5.401851
32.880275 5.446924
33.509864 5.480901
34.280805 5.522507
35.077425 5.565499
35.822661 5.605718
36.542218 5.644551
37.274602 5.684076
38.019838 5.724295
38.777901 5.765206
39.548841 5.806812
40.332635 5.849112
41.116402 5.891410
41.797402 5.928162
42.735373 5.978783
43.403495 6.014840
44.084494 6.051592
44.855435 6.093198
45.600671 6.133417
46.358734 6.174328
47.091117 6.213853
47.926295 6.258926
48.684383 6.299838
49.365383 6.336590
50.226239 6.383049
50.894386 6.419107
51.716711 6.463486
52.500505 6.505786
53.232888 6.545311
53.965272 6.584837
54.761892 6.627828
55.532833 6.669435
56.252364 6.708266
57.036157 6.750566
57.845630 6.794251
58.526604 6.831002
59.246160 6.869835
59.991396 6.910054
60.775164 6.952352
61.558957 6.994652
62.342725 7.036950
63.075109 7.076475
63.858902 7.118775
65.246555 7.193664
65.991791 7.233882
66.904057 7.283116
67.533672 7.317095
68.227499 7.354539
69.191175 7.406546
69.782207 7.438443
70.553148 7.480049
71.349768 7.523041
71.966506 7.556325
72.814536 7.890965
73.521240 8.349360
74.253623 8.824413
75.050244 9.341132
75.731243 9.782854
76.502158 10.282900
77.337336 10.824629
78.121129 11.333027
78.737866 11.733067
79.470250 12.208120
80.305427 12.749848
81.860136 13.758293
82.515431 14.183342
83.222109 14.641722
84.070139 15.191787
84.674024 15.583490
85.560611 16.158565
86.395763 16.700277
87.012526 17.100333
87.732057 17.567049
88.657176 18.167117
89.299618 18.583830
90.173327 19.150552
90.892859 19.617268
91.740888 20.167333
92.511829 18.029502
93.218508 17.775476
94.002301 17.493729
94.811774 17.202752
95.621246 16.911775
96.366482 16.643888
97.163103 16.357531
97.844102 16.112735
98.704959 15.803287
100.233988 15.253654
100.992051 14.981156
101.814376 14.685559
102.405434 14.473094
103.459026 14.094364
104.808172 13.609393
105.656177 13.304565
106.427118 13.027438
107.223738 12.741081
107.930442 12.487045
108.611416 12.248697
109.343800 12.248697
110.217534 12.248697
110.821419 12.248697
111.630892 12.248697
112.401833 12.248697
113.018570 12.248697
113.905132 12.248697
112.710189 8.849217
112.080599 7.058104
111.271126 4.755244
110.654389 3.000695
109.896300 0.844018
109.189622 -0.022224
108.405828 -0.064709
107.789091 -0.098139
107.133796 -0.133660
106.311471 -0.178234
105.681882 -0.212360
104.705379 -0.265291
104.101468 -0.298026
103.369085 -0.337725
102.623874 -0.378119
101.737287 -0.426176
101.017756 -0.465178
100.336756 -0.502092
99.681487 -0.537610
98.756368 -0.587756
98.023985 -0.627455
97.330133 -0.665065
96.572070 -0.706156
95.929628 -0.740979
95.132982 -0.784161
94.272125 -0.830824
93.616831 -0.866344
92.781653 -0.911615
92.087802 -0.949225
91.406828 -0.986137
90.468856 -1.036979
89.864971 -1.069713
89.055473 -1.113591
88.284558 -1.155379
87.603559 -1.192292
86.845496 -1.233383
86.061702 -1.275868
85.277935 -1.318352
84.506994 -1.360141
83.530491 -1.413072
82.284138 -1.480630
81.526050 -1.521722
80.767987 -1.562813
79.881400 -1.610870
79.277515 -1.643604
78.519426 -1.684696
77.787043 -1.724394
77.183158 -1.757128
76.270891 -1.806577
75.487098 -1.849062
74.806124 -1.885975
74.048036 -1.927067
73.328505 -1.966069
72.583269 -2.006464
71.709534 -2.053825
71.067092 -2.088648
70.270472 -2.131829
69.332500 -2.182671
67.957675 -2.257193
67.173907 -2.299677
66.505760 -2.335894
65.619173 -2.383951
64.886789 -2.423650
64.167258 -2.462652
63.460579 -2.500957
62.522608 -2.551800
61.212019 -2.622840
60.364014 -2.668806
58.873542 -2.749597
58.205395 -2.785814
57.473012 -2.825512
56.637834 -2.870783
55.956835 -2.907696
55.198772 -2.948787
54.325037 -2.996148
53.669743 -3.031668
52.834565 -3.076938
52.076477 -3.118030
51.254152 -3.162604
50.586030 -3.198820
49.725148 -3.245484
49.082706 -3.280307
48.337470 -3.320703
47.489440 -3.366670
46.769909 -3.405672
45.934732 -3.450943
45.266585 -3.487159
44.521349 -3.527555
43.660492 -3.574217
42.953788 -3.612524
42.285641 -3.648741
41.386227 -3.697493
40.743784 -3.732317
39.908607 -3.777587
39.124839 -3.820071
38.430987 -3.857681
37.660072 -3.899469
36.863426 -3.942651
36.092486 -3.984439
35.372954 -4.023442
34.666276 -4.061747
33.908187 -4.102839
33.111567 -4.146020
32.379183 -4.185718
31.633947 -4.226114
30.747360 -4.274171
30.066386 -4.311083
29.398239 -4.347300
28.563062 -4.392570
27.920620 -4.427394
26.918412 -4.481718
26.327354 -4.513756
25.620675 -4.552062
24.824030 -4.595244
24.053114 -4.637031
23.282173 -4.678820
22.588322 -4.716430
21.843086 -4.756825
20.995081 -4.802791
20.249845 -4.843187
19.530289 -4.882190
18.797905 -4.921889
18.001285 -4.965069
17.230344 -5.006858
16.305225 -5.057004
15.688488 -5.090434
14.917547 -5.132223
14.172311 -5.172618
13.465632 -5.210924
12.566193 -5.259677
11.833809 -5.299376
11.088573 -5.339772
10.458983 -5.373898
9.662363 -5.417079
8.788629 -5.464440
8.081950 -5.502745
7.195363 -5.550802
6.540068 -5.586322
5.782005 -5.627413
5.062449 -5.666416
4.342917 -5.705418
3.482035 -5.752082
2.685415 -5.795263
1.978711 -5.833570
1.246327 -5.873268
0.411150 -5.918539
-0.334086 -5.958934
-1.914500 -6.044600
-2.621178 -6.082906
-3.302178 -6.119819
-4.034561 -6.159518
-4.651299 -6.192948
-5.602122 -6.244487
-6.347358 -6.284883
-7.079742 -6.324581
-7.799273 -6.363583
-8.557362 -6.404675
-9.302598 -6.445071
-10.034981 -6.484770
-10.767390 -6.524470
-11.525453 -6.565560
-12.412040 -6.613618
-13.144424 -6.653316
-13.953896 -6.697194
-14.699132 -6.737589
-15.444368 -6.777984
-16.189604 -6.818380
-16.896309 -6.856686
-17.654397 -6.897778
-18.335371 -6.934690
-19.247663 -6.984141
-19.915784 -7.020356
-20.802371 -7.068414
-21.444814 -7.103237
-22.125813 -7.140151
-23.050932 -7.190296
-23.719079 -7.226513
-24.528551 -7.270391
-25.273787 -7.310786
-26.121817 -7.356753
-26.879906 -7.397845
-27.612289 -7.437544
-28.383230 -7.479333
-29.154171 -7.521121
-29.835145 -7.558033
-30.670322 -7.603304
-31.402706 -7.643003
-32.199351 -7.686185
-32.906030 -7.724490
-33.831174 -7.774637
-34.435059 -7.807371
-35.206000 -7.849160
-35.899827 -7.886768
-36.670767 -7.928557
-37.403151 -7.968256
-38.264033 -8.014920
-38.983564 -8.053922
-39.677416 -8.091532
-40.538298 -8.138196
-41.193593 -8.173716
-42.093007 -8.222468
-42.774006 -8.259382
-43.429301 -8.294902
-44.380125 -8.346441
-45.716419 -8.418875
-46.577275 -8.465537
-47.939274 -8.539364
-48.735894 -8.582545
-49.493983 -8.623637
-50.997307 -8.705124
-51.665454 -8.741341
-52.423543 -8.782433
-53.258720 -8.827704
-53.952572 -8.865314
-54.710660 -8.906406
-55.494428 -8.948890
-56.149723 -8.984410
-56.972073 -9.028985
-57.794398 -9.073559
-58.372604 -9.104901
-59.246338 -9.152261
-59.953017 -9.190567
-60.878136 -9.240712
-61.520578 -9.275536
-62.227282 -9.313843
-62.959666 -9.353541
-63.781991 -9.398115
-64.475843 -9.435725
-65.413814 -9.486568
-66.775787 -9.560393
-67.456787 -9.597307
-68.291964 -9.642578
-68.998668 -9.680884
-69.808141 -9.724762
-70.540550 -9.764462
-71.272933 -10.156021
-72.403640 -10.876291
-73.637140 -11.662042
-74.356671 -12.120390
-74.986261 -12.521444
-76.039878 -13.192608
-77.389025 -14.052027
-78.224202 -14.584042
-78.840940 -14.976910
-79.714674 -15.533486
-80.447058 -16.000021
-81.179467 -16.466573
-81.873293 -16.908546
-82.695644 -17.432391
-83.402322 -17.882552
-84.044765 -18.291793
-84.944204 -18.864745
-86.524617 -19.871482
-87.141380 -20.264366
-87.886616 -20.739088
-88.554763 -21.164704
-89.454177 -21.737639
-90.173734 -22.196003
-90.880413 -22.646164
-91.702738 -23.169992
-92.460826 -23.652901
-93.141825 -24.086704
-94.028412 -24.651468
-94.773648 -25.126190
-95.531737 -25.609099
-96.328382 -26.116570
-97.022209 -26.405213
-97.806002 -25.433367
-98.628327 -24.413746
-99.347884 -23.521549
-100.003178 -22.709033
-100.915445 -21.577890
-101.776327 -20.510460
-102.367385 -19.777592
-103.215415 -18.726099
-103.986355 -17.770189
-104.744444 -16.830216
-105.502532 -15.890243
-106.299152 -14.902493
-106.954472 -14.089945
-107.789650 -13.054388
-108.637680 -12.721589
-109.344358 -12.721589
-110.141004 -12.721589
-111.567239 -12.721589
-112.389564 -12.721589
-113.199062 -12.721589
-113.880062 -12.721589
-114.753796 -12.721589
-113.635917 -9.814517
-113.032032 -8.244099
-112.325328 -6.406298
-111.605797 -4.535140
-110.860535 -2.597070
-110.076767 -0.558863
-109.485709 0.008425
-108.534886 0.029720
-107.725388 0.047850
-107.031561 0.063390
-106.324857 0.079218
-105.631031 0.094757
-104.860090 0.112024
-104.089149 0.129290
-103.331061 0.146269
-102.534415 0.164112
-101.853416 0.179364
-101.056796 0.197206
-100.414328 0.211595
-99.617708 0.229437
-99.039502 0.242387
-98.062974 0.264258
-97.304885 0.281236
-96.611059 0.296776
-95.814413 0.314618
-95.133414 0.329871
-94.336794 0.347712
-93.540148 0.365555
-92.782060 0.382533
-92.178149 0.396059
-91.317293 0.415340
-90.533499 0.432894
-89.813943 0.449010
-88.991618 0.467427
-88.310618 0.482679
-87.308411 0.505126
-86.113468 0.531889
-85.419616 0.547429
-84.687232 0.563832
-83.762088 0.584552
-83.106793 0.599229
-82.361557 0.615920
-81.693410 0.630884
-80.883938 0.649014
-79.997351 0.668870
-78.648230 0.699086
-78.018615 0.713188
-77.003554 0.735922
-76.322555 0.751174
-75.628729 0.766714
-74.844935 0.784268
-74.061142 0.801823
-73.341611 0.817938
-72.647759 0.833478
-71.928228 0.849593
-71.003109 0.870313
-69.589726 0.901968
-68.805933 0.919523
-68.086402 0.935638
-67.418255 0.950602
-66.441726 0.972473
-65.670786 0.989740
-65.054048 1.003553
-64.321665 1.019956
-63.435078 1.039813
-62.664137 1.057079
-61.970310 1.072619
-61.045166 1.093339
-60.402724 1.107728
-59.798839 1.121253
-58.822311 1.143124
-58.231253 1.156362
-57.383223 1.175355
-56.663692 1.191470
-55.700016 1.213053
-55.121810 1.226003
-54.325190 1.243845
-53.554249 1.261112
-52.025220 1.295357
-51.408482 1.309170
-50.637542 1.326437
-49.892306 1.343128
-49.108512 1.360682
-48.337597 1.377948
-47.553804 1.395503
-46.847125 1.411330
-46.089037 1.428309
-45.446569 1.442698
-44.637096 1.460828
-43.737682 1.480972
-43.159477 1.493922
-42.350004 1.512051
-41.643300 1.527879
-40.833827 1.546009
-40.062887 1.563275
-39.356182 1.579103
-38.700888 1.593780
-37.878563 1.612197
-37.043385 1.630903
-36.233913 1.649032
-35.552913 1.664285
-34.743441 1.682414
-34.023884 1.698530
-33.252969 1.715796
-32.597674 1.730473
-31.826733 1.747739
-30.811673 1.770473
-30.233468 1.783423
-29.462527 1.800690
-28.704438 1.817669
-28.023464 1.832920
-27.124025 1.853065
-26.314552 1.871195
-25.569316 1.887885
-24.811228 1.904864
-23.924666 1.924720
-22.588372 1.954649
-21.791727 1.972491
-21.136432 1.987168
-20.057135 2.011341
-18.772251 2.040118
-17.975605 2.057960
-17.294631 2.073212
-16.485133 2.091342
-15.637104 2.110335
-14.956130 2.125587
-14.223721 2.141991
-13.285775 2.162998
-12.669012 2.176811
-11.833835 2.195517
-11.152835 2.210769
-10.446156 2.226596
-9.688068 2.243575
-8.891448 2.261417
-8.056270 2.280122
-7.349566 2.295950
-6.655740 2.311490
-5.846242 2.329620
-5.126711 2.345735
-4.407179 2.361850
-3.584854 2.380268
-2.826766 2.397246
-2.132914 2.412786
-1.387678 2.429477
-0.565353 2.447895
0.051384 2.461708
0.848030 2.479550
1.683207 2.498255
2.377034 2.513795
3.135122 2.530774
3.944595 2.548903
4.728388 2.566458
5.422214 2.581997
6.180303 2.598976
6.925539 2.615667
7.670775 2.632358
8.544509 2.651927
9.225483 2.667178
10.009276 2.684733
10.664571 2.699409
11.461191 2.717251
12.309221 2.736244
13.015925 2.752072
13.851103 2.770778
14.519224 2.785741
15.431516 2.806174
16.202431 2.823440
16.921988 2.839556
16.048253 0.353878
