0.35100220678971517
0.35100220678971517
0.35100220678971517
0.3457804826993154
0.32179666694816333
0.3153694175951963
0.3080075415190915
0.3080075415190915
0.30209585185080123
0.3000786370961169
0.3000786370961169
0.2910726806586467
0.2907039461241991
0.2907039461241991
0.2907039461241991
0.2907039461241991
0.2907039461241991
0.27774895397586086
0.27677271761783956
0.27677271761783956
0.27677271761783956
0.27677271761783956
0.27677271761783956
0.27677271761783956
0.27677271761783956
0.27677271761783956
0.27677271761783956
0.27677271761783956
0.2400587957131639
