# best objective after each generation, last line after the polish | 100 generations run of 100 (DE)
0.3597811740241553
0.3597811740241553
0.3597811740241553
0.3597811740241553
0.3541159051374047
0.34134916799184567
0.34134916799184567
0.34134916799184567
0.34134916799184567
0.34134916799184567
0.34134916799184567
0.34134916799184567
0.34134916799184567
0.34134916799184567
0.34134916799184567
0.3161717923610873
0.3161717923610873
0.3161717923610873
0.3161717923610873
0.3161717923610873
0.3161717923610873
0.3161717923610873
0.3161717923610873
0.308850008989418
0.308850008989418
0.308850008989418
0.308850008989418
0.308850008989418
0.308850008989418
0.308850008989418
0.308850008989418
0.308850008989418
0.308850008989418
0.308850008989418
0.308850008989418
0.308850008989418
0.308850008989418
0.308850008989418
0.308850008989418
0.308850008989418
0.308850008989418
0.308850008989418
0.308850008989418
0.308850008989418
0.308850008989418
0.308850008989418
0.308850008989418
0.308850008989418
0.30549713313858007
0.3028864817438265
0.3028864817438265
0.3028864817438265
0.3028864817438265
0.29925070995859343
0.29925070995859343
0.29925070995859343
0.29925070995859343
0.29925070995859343
0.29925070995859343
0.29925070995859343
0.29925070995859343
0.29925070995859343
0.2988491357807853
0.2988491357807853
0.29347617563708533
0.2859820325071294
0.2859820325071294
0.2859820325071294
0.2859820325071294
0.2859820325071294
0.2859820325071294
0.2859820325071294
0.2859820325071294
0.2859820325071294
0.2859820325071294
0.2859820325071294
0.2859820325071294
0.2859820325071294
0.2859820325071294
0.2859820325071294
0.2859820325071294
0.2859820325071294
0.2859820325071294
0.28573369791039793
0.28573369791039793
0.28573369791039793
0.28573369791039793
0.28573369791039793
0.28573369791039793
0.28573369791039793
0.28527659164560903
0.28527659164560903
0.28435356145555335
0.282589239285494
0.282589239285494
0.282589239285494
0.2779412751084187
0.2765980727340281
0.2765980727340281
0.2765980727340281
0.2639503910426192
