0.3856078449064514
0.3856078449064514
0.3856078449064514
0.274989172908889
0.274989172908889
0.2578518152367293
0.2578518152367293
0.23114123528421313
0.22787277455824476
0.22787277455824476
0.22787277455824476
0.22512127877591182
0.20919851589455324
0.20919851589455324
0.20919851589455324
0.20919851589455324
0.20142659838279692
0.20142659838279692
0.20142659838279692
0.20142659838279692
0.20142659838279692
0.19082470175519328
0.18799906423814566
0.18799906423814566
0.18799906423814566
0.18799906423814566
0.18799906423814566
0.18799906423814566
0.18799906423814566
0.18799906423814566
0.18799906423814566
0.18799906423814566
0.13397235298402907
