# best objective after each generation, last line after the polish | 41 generations run of 100 (GA)
0.41036639769879735
0.4022182295728079
0.4022182295728079
0.38344815414956424
0.38344815414956424
0.38344815414956424
0.38304907823777157
0.374681379131091
0.374681379131091
0.374681379131091
0.374681379131091
0.374681379131091
0.374681379131091
0.374681379131091
0.374681379131091
0.3690215344056159
0.3690215344056159
0.3690215344056159
0.3646340842818131
0.36158329889706275
0.36158329889706275
0.35933712881869806
0.35933712881869806
0.35933712881869806
0.35933712881869806
0.3504208539337284
0.3504208539337284
0.34791232848158515
0.3444800143247165
0.3433785447777927
0.341503993394517
0.33276419237120086
0.33276419237120086
0.33276419237120086
0.33276419237120086
0.33276419237120086
0.33276419237120086
0.33276419237120086
0.33276419237120086
0.33276419237120086
0.33276419237120086
0.27437758297837056
