0.27006150038195986
0.27006150038195986
0.2377927696051712
0.1981133046347867
0.1981133046347867
0.1981133046347867
0.1981133046347867
0.1981133046347867
0.1981133046347867
0.19356218303123152
0.19356218303123152
0.19356218303123152
0.19356218303123152
0.16761624375071918
0.16761624375071918
0.148519429464017
0.148519429464017
0.148519429464017
0.148519429464017
0.148519429464017
0.148519429464017
0.1451519903021462
0.1451519903021462
0.1422984619231936
0.1422984619231936
0.1422984619231936
0.1422984619231936
0.1422093125736171
0.1422093125736171
0.1422093125736171
0.1422093125736171
0.1422093125736171
0.1422093125736171
0.13722986901920828
0.12653190508173648
0.12653190508173648
0.12653190508173648
0.12653190508173648
0.12653190508173648
0.12653190508173648
0.12557776810000215
0.12557776810000215
0.12557776810000215
0.12557776810000215
0.12557776810000215
0.12557776810000215
0.12557776810000215
0.12557776810000215
0.12557776810000215
0.12557776810000215
0.09439537581881377
