0.000000 0.000000
0.000000 -0.000000
0.642442 1.967446
1.323442 4.052972
0.308356 0.944324
-0.680999 -2.029339
-1.426235 -4.269263
-2.068678 -6.200224
-1.117854 -3.342374
-0.115646 -0.330081
1.156386 3.565452
0.308356 0.968404
-0.796646 -2.352852
-0.115646 -0.306001
0.629590 1.976246
-0.244145 -0.649901
-1.246353 -3.662194
-0.565353 -1.615343
0.745236 2.398269
-0.321234 -0.807174
-1.323442 -3.819467
-0.616763 -1.695433
0.552501 1.885377
-0.205588 -0.393177
-1.349146 -3.830323
-0.642442 -1.706212
0.552501 1.953240
1.182091 3.881326
0.424002 1.559719
-0.192735 -0.293982
-0.835177 -2.224943
-0.089941 0.017755
0.513944 1.867122
1.092149 3.637847
1.927327 6.195535
3.122270 9.854987
2.377034 7.572740
1.631798 5.290493
1.040765 3.480485
-0.128499 -0.033920
-0.706704 -1.771808
-1.426235 -3.934472
-2.107235 -5.981323
-3.482061 -10.113579
-2.505532 -7.178469
-1.875942 -5.286138
-0.822325 -2.119325
0.321208 1.382688
0.950824 3.310852
2.132914 6.930944
1.400531 4.688057
0.680974 2.484452
-0.449707 -0.913988
-1.773149 -4.891800
-0.925119 -2.342913
0.218415 1.159099
0.860857 3.126546
1.554709 5.251431
0.693826 2.615024
-0.359766 -0.551713
-1.092175 -2.753083
-1.708912 -4.606785
-2.312797 -6.421856
-1.439088 -3.795786
-0.732384 -1.671675
0.244119 1.318816
0.899414 3.325622
2.184298 7.260514
1.323442 4.624185
0.693826 2.696020
0.038532 0.689214
-1.156411 -2.902375
-1.773149 -4.756076
-1.015060 -2.477522
-0.244145 -0.160415
0.925119 3.420395
1.516151 5.230402
2.222856 7.394648
1.349121 4.718880
0.732384 2.830153
0.102794 0.902067
-1.130706 -2.805412
-1.721764 -4.581930
-2.299970 -6.319818
-1.426235 -3.693671
-0.424028 -0.681378
0.256972 1.404148
0.925119 3.450314
1.516151 5.260321
0.732384 2.860072
-0.501117 -0.847407
-1.117854 -2.701108
-1.747444 -4.593439
-2.338502 -6.369957
-1.451940 -3.705257
-0.424028 -0.615704
0.154178 1.155022
1.079297 3.988151
2.145767 7.254160
1.336269 4.775113
0.758088 3.004466
0.102794 0.997660
-1.079322 -2.555376
-1.811706 -4.756670
-0.835177 -1.821560
0.462559 2.152693
1.798828 6.244947
2.492680 8.369832
3.173679 10.455358
3.880358 12.619526
3.006623 9.943758
2.338502 7.897670
1.143533 4.238141
0.102794 1.050929
-0.848030 -1.806921
-2.068678 -5.475770
-2.698267 -7.368101
-3.417824 -9.530842
-4.188739 -12.052655
-3.083738 -8.732872
-2.479853 -6.918607
-1.272057 -3.289998
-0.668147 -1.475656
0.706679 2.734678
1.940179 6.512209
2.672563 8.755096
1.773149 6.000687
1.027913 3.718440
-0.051410 0.413071
-0.732384 -1.632790
-1.400531 -3.640115
-2.145767 -5.879040
-3.392119 -9.623477
-2.479853 -6.882740
-1.850238 -4.991177
-1.105002 -2.752253
-0.102794 0.300169
0.603885 2.464337
1.182091 4.235062
1.953031 6.596029
2.595474 8.563475
3.302152 10.727643
2.389886 7.933873
1.683207 5.769706
1.092149 3.959621
-0.231292 -0.016416
-1.387678 -3.490564
-2.171471 -5.845327
-3.263621 -9.126488
-2.467000 -6.733189
-1.888795 -4.996077
-1.130706 -2.718540
-0.115646 0.380887
0.706679 2.899215
1.516151 5.378184
2.621178 8.762272
3.276473 10.769078
2.389886 8.053951
1.708887 5.968425
1.117854 4.158418
-0.167030 0.223525
-1.413383 -3.520912
-2.081530 -5.528236
-2.723972 -7.458336
-3.327857 -9.272597
-2.415591 -6.531860
-1.837385 -4.794748
-0.616763 -1.127613
0.513944 2.335118
1.374826 4.971525
2.569769 8.630977
3.225063 10.637783
2.364181 8.001376
1.747444 6.112649
1.066444 4.027123
0.462559 2.177756
-0.783793 -1.566681
-2.145767 -5.658479
-2.775356 -7.549966
-1.773149 -4.539017
-0.629590 -1.103405
0.038532 0.942683
0.783768 3.224930
1.940179 6.766380
2.608326 8.812546
3.186506 10.583194
2.402738 8.182945
1.708887 6.058059
0.321208 1.808366
-0.796646 -1.550021
-1.426235 -3.441508
-2.017293 -5.217233
-2.813914 -7.610531
-1.811706 -4.599583
-1.182116 -2.708096
-0.025705 0.833354
0.680974 2.997522
1.978711 6.971774
2.595474 8.860579
1.773149 6.342251
1.079297 4.217365
-0.025705 0.833354
-0.745236 -1.328345
-1.413383 -3.335670
-2.107235 -5.420220
-2.762529 -7.388932
-3.366414 -9.203193
-2.325649 -6.076406
-1.259205 -2.872470
-0.578206 -0.826533
0.693826 3.069000
1.310589 4.957805
1.940179 6.885891
2.595474 8.892697
3.353562 11.214304
4.021684 13.260392
4.779772 15.581999
5.370830 17.392084
6.051829 19.477610
6.848450 21.917219
8.069097 25.655390
8.685835 27.529749
9.418218 29.594068
9.996424 31.223817
9.302598 29.099009
7.863510 24.691876
7.272477 22.881869
6.642862 20.953705
6.064682 19.183057
5.229479 16.625292
4.060241 13.044559
3.379241 10.959034
2.030120 6.827420
1.451915 5.056695
0.770915 2.971169
0.025679 0.688922
-0.745236 -1.627152
-1.323442 -3.364264
-2.068678 -5.603188
-2.749677 -7.649126
-3.392119 -9.579225
-4.381475 -12.337696
-5.653507 -14.219303
-6.964096 -16.157944
-7.683652 -17.222322
-8.261833 -18.077574
-9.019921 -19.198949
-9.700920 -20.206292
-8.852891 -17.669332
-8.159064 -15.593686
-7.478065 -13.556412
-6.809918 -11.557588
-6.141771 -9.558764
-5.550738 -7.790635
-4.818329 -5.599565
-4.201592 -3.754538
-3.494913 -1.640442
-2.171471 1.659736
-1.503324 3.090468
-0.899439 4.383593
-0.077089 6.144527
0.591033 7.575205
1.361973 9.226054
2.595474 11.867401
3.366414 13.685000
4.034536 15.484153
4.766920 17.456355
5.435067 19.255576
6.167450 21.227778
6.745656 22.784800
7.375246 24.480193
6.578625 22.040585
5.987567 20.230500
5.268036 18.026972
4.689831 16.256247
3.944595 13.974000
3.263621 11.888552
1.940179 7.835580
1.336269 5.986135
0.758088 4.215488
-0.038557 1.775802
-0.848030 -0.400679
-2.171471 -2.710144
-2.813914 -3.831235
-3.533445 -5.086849
-4.265828 -6.364892
-4.985385 -7.995140
-5.640680 -9.678497
-6.360211 -11.526868
-7.529449 -14.530471
-6.642887 -11.878344
-5.306593 -7.880854
-4.047414 -4.114050
-3.327857 -1.961514
-2.158619 1.143550
-1.529029 2.545529
-0.809498 4.147790
-0.012852 5.921771
0.809473 7.752935
1.978711 10.356610
2.723947 12.016111
3.379241 13.605248
4.201592 15.830023
4.844034 17.568076
5.525008 19.410373
6.180303 21.183197
6.861302 23.025562
6.154623 20.861395
5.216652 17.988906
4.021684 14.329376
3.430651 12.519369
2.518385 9.725600
1.374826 6.223510
0.693826 4.137984
0.115646 2.367337
-0.783793 -0.222446
-1.400531 -1.307654
-2.055825 -2.460707
-2.891003 -3.930281
-3.494913 -4.992919
-4.291533 -6.394648
-5.023917 -8.078394
-5.640680 -9.664621
-6.308801 -11.382934
-7.131152 -13.497903
-5.974740 -10.038530
-5.332298 -8.116681
-4.677004 -6.156385
-4.085946 -4.388251
-2.775356 -0.467658
-2.184324 0.975540
-1.529029 2.446123
-0.616763 4.493391
-0.038557 5.790974
0.693826 7.434557
1.297737 8.789826
2.081505 10.548723
2.775356 12.105835
3.482035 13.861344
4.124477 15.600965
4.895418 17.688537
5.537860 19.428158
6.899859 23.116212
5.923331 20.125644
5.229479 18.000758
4.612742 16.112031
4.008857 14.262665
3.392094 12.373860
2.544064 9.776812
1.361973 6.156720
0.539648 3.638392
-0.680999 -0.013143
-1.464767 -1.433650
-2.171471 -2.674745
-2.865298 -3.893223
-3.469208 -4.953794
-4.278681 -6.375367
-4.985385 -7.982548
-5.627827 -9.634366
-6.308801 -11.385256
-6.989801 -13.136211
-7.568006 -14.622867
-6.655740 -11.893847
-6.038977 -10.048818
-5.422240 -8.203864
-4.677004 -5.974511
-3.404972 -2.169261
-2.698267 -0.055175
-1.606118 2.388277
-0.758088 4.274577
-0.089941 5.760758
0.629590 7.361234
1.233475 8.704475
1.978711 10.362127
2.569769 11.676836
3.327857 13.469461
4.060241 15.450582
4.754093 17.327474
5.435067 19.169532
6.077509 20.907359
6.745656 22.714719
7.452360 24.626377
8.043393 26.225140
8.737244 28.102032
9.392539 29.874625
10.073513 31.716682
10.805897 33.697804
11.409807 35.331402
12.270689 37.660117
12.874574 38.581842
13.568426 39.142174
14.275105 39.712866
14.853310 40.179806
15.624251 40.802393
14.660575 37.854513
13.529869 34.395687
12.797485 32.155329
12.206427 30.347285
11.563985 28.382057
10.330510 24.608863
9.533865 22.171928
8.313217 18.437972
7.567981 16.158298
6.964096 14.311017
6.244565 12.109974
5.627802 10.223299
4.895418 7.982941
4.252976 6.017713
3.546297 3.855986
2.903855 1.890758
2.171446 -0.122818
1.580413 -0.757836
0.835177 -1.558533
0.089941 -2.359229
-0.732384 -3.242752
-1.374826 -3.933005
-2.274265 -4.899381
-3.507765 -6.224679
-4.304386 -7.383249
-4.985385 -8.990876
-5.704916 -10.689465
-6.398743 -12.327372
-6.976948 -13.692335
-7.632243 -15.239281
-8.390331 -17.028891
-9.109862 -18.727479
-9.700920 -20.122783
-10.420452 -21.254056
-11.140008 -22.316622
-12.424893 -24.214005
-13.157276 -25.295513
-13.838276 -26.301142
-14.506397 -27.287754
-15.161692 -28.255425
-15.752750 -29.128237
-14.943277 -26.712553
-14.300835 -24.795333
-13.208660 -21.535990
-12.476277 -19.350360
-11.795303 -17.318151
-11.088599 -15.209155
-10.471861 -13.368645
-9.829419 -11.451424
-8.300390 -6.888390
-7.722184 -5.162869
-7.066890 -3.207293
-6.385916 -1.175084
-5.730621 0.334276
-5.049622 1.204683
-4.394327 2.042236
-3.713328 2.912642
-2.891003 3.963681
-1.580413 5.638786
-0.783793 6.656971
-0.077089 7.560232
0.706679 8.561990
2.004416 10.220668
2.711120 11.123929
3.392094 11.994303
4.342917 13.209580
5.512156 15.638619
6.270244 17.524457
6.951243 19.218526
8.313217 22.606602
9.019921 24.364615
9.649511 25.930797
10.998632 29.286900
11.602542 30.789202
10.793070 28.313028
10.047834 26.033355
8.775776 22.142137
8.146186 20.216225
7.503744 18.250997
6.822745 16.167823
6.141771 14.084726
5.512156 12.158736
4.908271 10.311455
4.034536 7.638704
2.788209 3.826195
2.094357 1.703706
1.400531 -0.147007
0.758088 -0.836992
0.025679 -1.623602
-0.680999 -2.382578
-1.490472 -3.251955
-2.094382 -3.900557
-2.852471 -4.714747
-3.623386 -5.542714
-4.317238 -6.287913
-5.036769 -7.060693
-5.640680 -7.709295
-6.463005 -8.592475
-7.169683 -9.351451
-7.863535 -10.391845
-8.505977 -11.905392
-9.199804 -13.539997
-9.893656 -15.174662
-10.574655 -16.779048
-11.255629 -18.383374
-10.317658 -15.584335
-9.533890 -13.245460
-8.403184 -9.871272
-7.657948 -7.647382
-6.861327 -5.270155
-6.270269 -3.506354
-5.679211 -1.742553
-4.985385 0.151065
-4.342943 1.034238
-2.891003 3.030237
-2.299970 3.842736
-1.606118 4.796582
-0.848030 5.838735
-0.205588 6.721907
0.655295 7.905372
1.310589 8.806213
1.914474 9.636380
2.723947 10.749172
3.315005 11.561706
4.137330 12.692165
4.779772 13.575338
5.589270 15.498318
6.874154 18.737126
7.529449 20.388928
8.236128 22.170253
8.865718 23.757260
9.559569 25.506253
10.266248 27.287578
10.960100 29.036571
10.047834 26.245952
8.878570 22.669180
8.146186 20.428822
7.439508 18.267095
6.771361 16.223236
6.180303 14.415192
5.460771 12.214149
4.779772 10.130975
4.201592 8.362325
3.366414 5.807521
2.723947 3.842215
2.120062 1.994934
1.490472 0.069021
0.732384 -0.794955
0.012852 -1.572623
-1.413383 -3.114096
-2.158619 -3.919546
-2.839618 -4.655570
-3.520592 -5.391566
-4.394327 -6.335897
-5.113858 -7.113565
-6.360211 -8.460622
-7.195388 -9.363280
-8.505977 -11.878500
-9.199804 -13.515270
-9.855098 -15.061142
-10.561803 -16.728291
-11.152835 -18.122565
-11.756746 -19.547219
-10.998657 -17.284978
-10.099243 -14.601002
-9.019921 -11.380155
-8.261833 -9.117914
-6.861327 -4.938613
-6.270269 -3.174814
-5.640680 -1.296031
-4.972533 0.318479
-4.330090 1.193454
-3.687648 2.068429
-2.993796 3.013421
-2.222856 4.063405
-1.593266 4.920875
-0.835177 5.953355
-0.167030 6.863338
0.591033 7.895783
1.259180 8.805767
1.978711 9.785733
2.685415 10.748230
3.379241 11.693187
4.175887 12.778180
4.766920 13.583137
5.357978 14.957714
6.180303 17.027137
6.758508 18.482221
7.516597 20.389989
8.133334 21.942041
9.007069 24.140839
10.227716 27.212661
10.870159 28.829400
10.099218 26.471096
9.508160 24.663052
8.775776 22.422694
8.133334 20.457466
7.478039 18.452923
6.848450 16.527010
6.116066 14.286652
5.512156 12.439293
4.779772 10.198935
3.636239 6.700871
2.659710 3.713675
1.439062 0.071094
0.822325 -0.675109
0.141326 -1.412634
-0.745236 -2.372783
-1.413383 -3.096389
-2.132914 -3.875643
-2.775356 -4.571411
-3.584854 -5.448100
-4.253001 -6.171705
-4.946828 -6.923122
-5.679211 -7.716296
-6.347358 -8.439901
-7.079742 -9.233075
-7.812126 -10.232933
-8.454568 -11.749131
-9.186977 -13.477656
-10.561803 -16.722319
-11.743893 -19.512117
-10.870159 -16.904773
-10.176332 -14.834299
-9.007069 -11.345055
-8.171891 -8.852770
-7.580859 -7.089047
-6.938416 -5.171911
-6.231712 -3.063008
-5.602122 -1.184226
-4.882591 0.439526
-3.726180 2.014633
-2.968092 3.047198
-2.287118 3.974729
-1.541882 4.989789
-0.848030 5.934860
-0.154203 6.879896
0.526796 7.807461
1.297737 8.857533
2.004416 9.820075
2.646858 10.695123
3.469183 11.815183
4.921123 13.857768
5.614949 15.603844
6.809892 18.611024
7.683627 20.809854
8.300364 22.361928
8.929980 23.946411
9.585274 25.595518
10.253396 27.276905
10.947248 29.023044
11.666779 30.833808
12.322073 32.482915
12.977368 34.132022
13.735456 36.039819
15.007488 39.241000
15.765577 40.906850
16.382314 41.403081
17.191812 42.054408
17.834254 42.571321
18.566638 43.160602
19.234785 43.698197
19.915759 44.246113
20.545349 44.752685
21.174964 45.259277
20.339787 42.708397
19.633082 40.549913
18.450992 36.939457
17.859934 35.134190
17.204639 33.132725
16.446576 30.817376
15.225928 27.089155
14.519224 24.930670
13.863930 22.929205
13.247192 21.045506
12.476251 18.690824
11.782425 16.571672
10.536072 12.764940
9.893630 10.802731
9.238336 8.801267
8.428863 6.328897
7.786421 4.366687
7.079742 2.208280
6.283096 -0.054852
5.640654 -0.533395
4.432859 -1.433060
3.546297 -2.093443
2.852445 -2.610281
2.107209 -3.165393
1.490472 -3.624790
0.642442 -4.256472
-0.077089 -4.792437
-0.796646 -5.328422
-1.516177 -5.864388
-2.287118 -6.438647
-2.916707 -6.907617
-3.649091 -7.453156
-4.407179 -8.017843
-5.113858 -8.544235
-5.756300 -9.022778
-6.591478 -9.644887
-7.208241 -10.582928
-7.863535 -11.995372
-8.570214 -13.518573
-9.264066 -15.014125
-9.906508 -16.398867
-10.587482 -17.866663
-11.255629 -19.306810
-11.859539 -20.608500
-12.694717 -22.408670
-13.350011 -23.821115
-14.031011 -25.288965
-14.634896 -26.590600
-15.392984 -28.224610
-16.125368 -29.643894
-17.461662 -31.613432
-18.091252 -32.541373
-19.440398 -34.529854
-20.134224 -35.552472
-20.802371 -36.537241
-20.044283 -34.278080
-19.466077 -32.554983
-18.836488 -30.678757
-18.245430 -28.917359
-17.564456 -26.888004
-16.562222 -23.901273
-15.637104 -21.144348
-14.930425 -19.038391
-14.210894 -16.894133
-13.517042 -14.826402
-12.823215 -12.758746
-12.116511 -10.652714
-11.396980 -8.508456
-10.690276 -6.402423
-9.970745 -4.258165
-9.212656 -1.999004
-8.544509 -0.007875
-7.966329 0.523256
-7.195388 1.224165
-5.846242 2.450755
-5.113858 3.116609
-4.407179 3.759094
-3.803269 4.308145
-2.968092 5.067455
-2.248560 5.721624
-1.593266 6.317392
-0.745236 7.088387
-0.154203 7.625731
0.719531 8.420095
1.374826 9.015863
2.055825 9.635001
2.659710 10.184029
3.430651 10.884938
4.278681 11.655933
4.921123 12.240016
5.666359 12.917555
6.283096 13.478268
7.696479 14.763260
8.493100 15.925291
9.148394 17.438794
9.739452 18.803932
10.587482 20.762586
11.910924 23.819276
12.489104 25.154671
13.247192 26.905591
13.992428 28.626827
14.660575 30.170014
15.405811 31.891250
14.442135 28.947897
13.684047 26.632470
13.105867 24.866536
12.347778 22.551109
11.731015 20.667332
11.088573 18.705122
9.739452 14.584506
9.032773 12.426099
8.403158 10.503067
7.735037 8.462425
7.066890 6.421705
6.295949 4.067023
5.614949 1.987048
4.805477 -0.131555
3.379241 -1.312363
2.801061 -1.791049
2.055825 -2.408045
1.349121 -2.993139
0.693826 -3.535670
-0.089941 -4.184567
-0.899439 -4.854766
-1.529029 -5.376015
-2.261413 -5.982370
-3.777590 -7.237642
-4.445711 -7.790793
-5.203800 -8.418429
-5.949036 -9.035425
-7.311034 -10.163050
-7.889215 -10.641737
-8.621624 -11.248112
-9.379687 -11.875727
-10.060686 -12.599764
-10.728833 -14.079636
-11.422685 -15.616441
-12.103659 -17.124724
-12.746101 -18.547662
-13.619836 -20.482888
-14.210894 -21.792016
-14.904720 -23.328765
-15.534310 -24.723237
-16.253866 -26.316976
-15.367279 -23.674971
-14.711985 -21.722212
-14.069543 -19.807752
-13.375716 -17.740169
-12.669012 -15.634210
-11.975186 -13.566627
-10.523245 -9.239886
-9.906508 -7.402025
-9.328302 -5.678989
-8.570214 -3.419907
-7.837830 -1.237424
-7.246772 0.169365
-6.604330 0.788252
-5.846242 1.518545
-4.548505 2.768700
-3.816121 3.474231
-3.058033 4.204524
-2.351354 4.885292
-1.721764 5.491798
-0.989381 6.197328
-0.205588 6.952384
0.539648 7.670295
1.194943 8.301564
1.914474 8.994713
2.762504 9.811650
3.404946 10.430537
4.098798 11.098948
4.831182 11.804479
5.576418 12.522391
6.218860 13.141278
6.835597 13.735402
7.657922 14.527577
8.274685 15.121726
9.161247 17.081626
10.330510 19.819760
11.050041 21.504728
11.679631 22.979076
12.501956 24.904763
13.208660 26.559694
13.876782 28.124274
14.532077 29.658816
15.251633 31.343844
15.855518 32.757997
15.046046 30.285627
14.172311 27.616982
13.067309 24.241979
12.334926 22.005062
11.679631 20.003597
10.895838 17.609660
9.778009 14.195479
9.084158 12.076249
8.364626 9.878587
7.606538 7.563160
6.925539 5.483185
6.295949 3.560231
4.908271 -0.182112
4.188739 -0.772278
3.520592 -1.320298
2.826741 -1.889401
1.991563 -2.574421
1.310589 -3.132962
-0.025705 -4.229002
-0.758088 -4.829709
-1.413383 -5.367188
-2.197176 -6.010062
-2.942412 -6.621311
-3.687648 -7.232560
-4.330090 -7.759497
-5.178120 -8.455058
-5.859094 -9.013599
-6.578651 -9.603785
-7.195388 -10.109639
-7.837830 -10.636576
-8.634451 -11.289970
-9.315450 -11.848532
-10.022154 -12.567152
-10.638892 -13.929867
-11.371275 -15.548108
-12.167921 -17.308340
-13.542747 -20.346093
-14.120952 -21.623670
-14.814779 -23.156717
-15.624251 -24.945291
-14.609191 -21.920444
-13.992454 -20.082586
-13.324307 -18.091529
-11.743893 -13.381948
-10.536098 -9.782756
-9.906508 -7.906599
-9.199804 -5.800643
-8.428888 -3.503339
-7.837830 -1.742006
-7.143979 0.106228
-6.565798 0.668258
-5.653507 1.555068
-4.471416 2.704140
-3.636239 3.515990
-2.993796 4.140487
-2.120062 4.989817
-0.848030 6.226318
-0.115646 6.938245
0.526796 7.562743
1.310589 8.324643
2.081505 9.074025
2.723947 9.698523
3.559124 10.510372
4.188739 11.122401
4.933975 11.846821
5.627802 12.521268
6.321654 13.195739
7.002628 13.857692
7.837805 14.669541
9.071305 16.810393
9.713747 18.317998
10.343337 19.795442
11.191367 21.785495
11.859514 23.353420
12.579045 25.041928
13.247192 26.609853
14.699107 30.017029
15.354402 31.554794
16.022549 33.122720
17.513021 36.620377
18.772226 39.575325
19.466052 41.203512
20.159904 42.831758
20.905140 44.580587
22.164319 46.004630
22.948113 46.631164
24.310086 47.719874
24.978233 48.253965
25.684912 48.818857
26.288797 49.301579
27.059738 49.917840
27.766416 50.482732
28.344622 50.944927
29.077006 51.530367
29.912183 52.197976
30.503241 52.670445
31.312714 53.317506
31.916624 53.800249
32.597598 54.344594
33.407096 54.991675
34.075218 55.525746
34.704807 56.029016
35.398659 56.583655
36.079659 57.128020
36.863426 57.754534
37.531573 58.288625
38.186868 58.812442
37.043309 55.330072
36.053954 52.317283
35.385807 50.282639
34.139480 46.487318
33.497037 44.530950
32.289242 40.852966
31.582538 38.700908
30.927243 36.705402
30.297653 34.788172
29.616654 32.714390
28.884270 30.484132
27.676475 26.806149
26.944091 24.575891
26.211708 22.345633
25.607823 20.506680
24.798350 18.041671
24.168735 16.124364
23.487761 14.050659
22.832466 12.055153
22.061526 9.707481
21.406231 7.711975
20.648143 5.403441
19.877227 3.055846
18.605170 -0.124625
17.795697 -0.500258
16.446576 -1.126312
15.701340 -1.472136
14.326514 -2.110118
13.581278 -2.455942
12.848869 -2.795813
12.129338 -3.129709
11.396955 -3.469568
10.754512 -3.767691
9.983572 -4.125443
9.251188 -4.465303
8.647303 -4.745533
7.760716 -5.156950
7.054037 -5.484882
6.347333 -5.812825
5.486476 -6.212302
4.766920 -6.546209
4.124477 -6.844332
3.315005 -7.219964
2.621178 -7.541932
1.901622 -7.875839
1.053592 -8.269364
0.398297 -8.573451
-0.359766 -8.925227
-1.053617 -9.247206
-1.811706 -9.598994
-2.544089 -9.938853
-3.173679 -10.231012
-3.931768 -10.582800
-4.574210 -10.880922
-5.447944 -11.286375
-6.077534 -11.578534
-6.719976 -11.876657
-7.400976 -12.192672
-8.133359 -13.079983
-9.045626 -14.761939
-10.279126 -17.036158
-10.895863 -18.173243
-11.512626 -19.310376
-12.412040 -20.968636
-13.054482 -22.153114
-13.722629 -23.384984
-14.416456 -24.664200
-14.994661 -25.730244
-15.778455 -27.175332
-16.562222 -28.620374
-17.204690 -29.804899
-18.540959 -32.268592
-19.183401 -33.453070
-19.800164 -34.590203
-20.571079 -36.011549
-21.264931 -37.176608
-21.907373 -38.121928
-22.588372 -39.056770
-23.269372 -39.975298
-23.963198 -40.911127
-24.541404 -41.691007
-25.273787 -42.678841
-26.057581 -43.736017
-26.751407 -44.671845
-28.087701 -46.474230
-28.781553 -47.410093
-29.578173 -48.484570
-30.182083 -49.299120
-31.030088 -50.442903
-31.813881 -51.500079
-33.085913 -53.215788
-33.766912 -54.134315
-34.473617 -55.087513
-35.218853 -56.092683
-35.874147 -56.976540
-36.516589 -57.726120
-37.287530 -57.683205
-38.019914 -57.642437
-38.700888 -57.604530
-38.019914 -55.581536
-37.326062 -53.520285
-36.143971 -50.008604
-34.923324 -46.382381
-33.805470 -43.061531
-33.124470 -41.038461
-32.533412 -39.282583
-31.813881 -37.145045
-30.464760 -33.137162
-29.783761 -31.114091
-29.128466 -29.167384
-28.306141 -26.724472
-27.663673 -24.815870
-26.982699 -22.792876
-26.160374 -20.349964
-25.505080 -18.403256
-24.746991 -16.151175
-24.078844 -14.166286
-23.449255 -12.295941
-22.691166 -10.043859
-21.958783 -7.868140
-21.213547 -5.654240
-20.506842 -3.554808
-19.774459 -1.379089
-19.042075 0.139936
-18.219750 0.569058
-17.641545 0.870789
-16.857751 1.279804
-15.457221 2.010658
-14.801926 2.352617
-14.069543 2.734804
-13.324307 3.123698
-12.681864 3.458950
-11.859539 3.888073
-11.140008 4.263553
-10.369067 4.665861
-9.675216 5.027941
-8.968537 5.396714
-8.184744 5.805729
-7.490917 6.167796
-6.732829 6.563397
-6.026125 6.932184
-5.306593 7.307664
-4.574210 7.689851
-3.906063 8.038517
-3.263621 8.373770
-2.351354 8.849827
-1.734617 9.171665
-1.027913 9.540452
-0.244145 9.949454
0.462559 10.318240
1.169238 10.687014
1.978711 11.109429
2.621178 11.444695
3.392094 11.846989
4.060241 12.195655
4.805477 12.584550
5.653507 13.027086
6.257392 13.342217
6.989801 13.724418
7.722184 14.106605
8.467420 14.495499
9.276893 14.917915
9.945040 15.266581
10.574630 15.595126
11.409807 16.030955
12.142191 16.413143
12.771780 16.741688
13.645515 17.197638
14.365046 17.573118
15.727020 18.283851
16.433724 18.652637
17.153255 19.028118
18.014137 19.477361
19.530289 21.992089
20.159904 23.221109
20.866583 24.600558
21.650376 26.130536
22.986644 28.738956
23.680496 30.093366
24.425732 31.548080
25.620675 33.880630
26.443000 35.485822
27.149679 36.865272
28.318943 39.147694
28.987064 40.451879
28.113355 37.791256
27.509445 35.952226
26.802766 33.800245
26.147471 31.804739
25.530734 29.926647
24.836882 27.813727
24.130203 25.661746
23.436351 23.548825
22.832466 21.709872
22.074378 19.401338
21.354847 17.210218
20.596758 14.901684
19.350406 11.106286
18.592343 8.797829
17.076166 4.180761
16.343782 1.950504
15.071725 -0.336003
14.365046 -0.711981
13.709752 -1.060621
12.861722 -1.511804
12.167895 -1.880945
11.551133 -2.209085
10.536072 -2.749133
9.315450 -3.398548
8.570214 -3.795041
7.837805 -4.184709
7.143979 -4.553849
6.321654 -4.991356
5.692064 -5.326320
4.972507 -5.709151
4.227271 -6.105643
3.456356 -6.515798
2.801061 -6.864438
1.965884 -7.308783
1.233475 -7.698451
0.578206 -8.047077
-0.269824 -8.498260
-1.002208 -8.887914
-1.734617 -9.277582
-2.467000 -9.667237
-3.276473 -10.097905
-3.880383 -10.419208
-4.677004 -10.843038
-5.473624 -11.266869
-6.116091 -11.608685
-6.809918 -11.977825
-7.593711 -12.394832
-8.210448 -12.722958
-8.994242 -13.139964
-10.407599 -13.891922
-11.152835 -14.288414
-11.833835 -14.650730
-12.591923 -15.054061
-13.427100 -15.498405
-14.699132 -16.175172
-15.431541 -16.564840
-16.215309 -16.981833
-17.037634 -17.419339
-17.654397 -17.747479
-18.386781 -18.137134
-19.684517 -18.827577
-20.558252 -19.821827
-21.136432 -20.940078
-21.933078 -22.480860
-22.601225 -23.773114
-23.513491 -25.537517
-24.708434 -27.848641
-25.453670 -29.289992
-26.956995 -32.197552
-28.203347 -34.608107
-28.858642 -35.875503
-28.023464 -33.394720
-27.368170 -31.448255
-26.712875 -29.501790
-26.031876 -27.478972
-25.376581 -25.532507
-24.785523 -23.776848
-24.040287 -21.563224
-23.462082 -19.845741
-22.678314 -17.517664
-21.958783 -15.380392
-20.609636 -11.372933
-19.813016 -9.006679
-19.132017 -6.983861
-18.489574 -5.075572
-17.680076 -2.671067
-16.909161 -0.381165
-16.163925 0.341120
-15.470073 0.724784
-14.763394 1.115540
-13.966749 1.556042
-13.324307 1.911279
-12.669012 2.273622
-11.885244 2.707004
-11.255629 3.055148
-10.536098 3.453011
-9.752305 3.886407
-9.097010 4.248750
-8.390331 4.639506
-7.683652 5.030262
-6.887007 5.470765
-6.103239 5.904147
-4.818329 6.614634
-3.841826 7.154588
-3.263621 7.474305
-2.467000 7.914794
-1.798853 8.284244
-1.066470 8.689213
-0.167030 9.186556
1.156386 9.918335
1.914474 10.337517
3.353562 11.133257
4.047388 11.516906
4.844034 11.957409
6.218860 12.717614
6.951243 13.122584
7.645070 13.506233
8.480247 13.968042
9.135542 14.330385
9.932187 14.770888
10.548925 15.111911
11.242777 15.495574
12.013692 15.921850
12.874574 16.397872
13.529869 16.760215
14.275105 17.172291
15.046046 17.598580
15.688488 17.953817
16.433724 18.365893
17.127550 18.749542
17.949875 19.204244
18.643727 19.587908
19.221933 20.615390
20.159904 22.484064
20.879435 23.917551
21.470468 25.095037
22.215704 26.579734
22.922408 27.987667
23.629087 29.395549
24.335791 30.803481
25.068174 32.262573
25.723469 33.568085
26.571473 35.257523
27.740737 37.586990
28.473121 39.046082
27.406651 35.798463
25.993293 31.494501
25.376530 29.616332
24.772645 27.777379
24.130203 25.821011
23.462056 23.786367
22.858146 21.947337
22.010141 19.364990
21.329142 17.291208
19.890080 12.908969
19.299022 11.109076
18.643727 9.113571
17.821402 6.609423
16.408019 2.305383
15.675635 0.075125
14.930399 -0.382849
14.236548 -0.751505
13.645515 -1.065531
12.810338 -1.509275
12.142191 -1.864274
11.358397 -2.280717
10.009276 -2.997529
9.251188 -3.400314
8.518804 -3.789443
7.786421 -4.178571
7.066890 -4.560870
6.180303 -5.031930
4.933975 -5.694125
4.111650 -6.131041
3.469183 -6.472395
2.672563 -6.895654
1.927327 -7.291611
1.194943 -7.680739
0.501091 -8.049395
-0.308381 -8.479482
-1.027913 -8.861781
-1.798853 -9.271396
-2.569794 -9.681010
-4.008857 -10.445609
-4.741240 -10.834737
-5.409387 -11.189736
-6.064682 -11.537905
-6.887007 -11.974821
-7.593711 -12.350305
-8.300390 -12.725776
-9.071331 -13.135391
-9.790862 -13.517690
-10.626039 -13.961435
-11.229950 -14.282303
-12.604775 -15.012772
-13.529894 -15.504304
-14.198041 -15.859302
-15.457221 -16.528326
-16.318103 -16.985728
-16.960545 -17.327069
-17.808575 -17.777642
-19.183401 -18.508111
-19.787311 -18.828979
-20.699578 -19.945257
-21.971610 -22.404305
-22.678314 -23.770481
-23.397845 -25.161454
-24.220170 -26.751144
-25.453670 -29.135704
-26.121817 -30.427343
-26.725728 -31.594801
-27.637994 -33.358363
-28.910026 -35.817412
-28.010612 -33.145843
-27.342465 -31.161216
-26.648613 -29.100238
-25.299492 -25.092885
-24.721287 -23.375415
-24.027435 -21.314437
-23.205110 -18.871849
-21.984462 -15.246105
-21.316315 -13.261479
-20.442606 -10.666262
-19.813016 -8.796164
-19.196253 -6.964166
-18.399633 -4.597931
-17.770018 -2.727757
-17.063339 -0.628678
-16.241014 0.337021
-15.547162 0.719946
-14.737690 1.166680
-13.350011 1.932517
-12.720422 2.279977
-11.872392 2.747990
-11.294186 3.067092
-10.497541 3.506748
-9.790862 3.896752
-9.148420 4.251305
-8.416036 4.655496
-7.632243 5.088058
-7.054037 5.407160
-6.206033 5.875160
-5.460797 6.286443
-4.818329 6.641010
-4.073093 7.052293
-3.417824 7.413926
-2.569794 7.881939
-1.875942 8.264864
-1.105002 8.690334
-0.449707 9.051980
0.436855 9.541258
1.092149 9.902905
1.863090 10.328374
2.466975 10.661648
3.353562 11.150941
4.034536 11.526759
4.741240 11.916777
5.460771 12.313874
6.128918 12.682614
6.964096 13.143534
7.645070 13.519352
8.338922 13.902278
9.097010 14.320654
9.790836 14.703565
10.677423 15.192858
11.923751 15.880685
12.643307 16.277796
13.362838 16.674894
14.275105 17.178358
14.917547 17.532911
15.688488 17.958381
16.382314 18.341292
17.191812 18.788041
17.885639 19.170952
18.630875 19.582235
19.350406 20.885132
20.057110 22.292126
20.712405 23.596768
21.496172 25.157191
22.202877 26.564186
22.922408 27.996718
23.629087 29.403662
24.284381 30.708304
25.042470 32.217601
25.762001 33.650133
27.239620 36.591963
28.396032 38.894290
29.089858 40.275646
29.783710 41.657053
31.030037 44.138396
31.788125 45.647693
33.098715 48.256977
33.843951 49.740686
34.486393 51.019740
35.141687 52.324382
35.745572 53.526671
37.158955 56.340610
37.827102 57.670840
38.508076 58.638550
39.317574 59.078917
39.972869 59.257119
40.679548 59.449294
41.399079 59.644964
42.092931 59.833650
42.863846 60.043294
43.634787 60.252944
44.906819 60.598862
45.626350 60.794532
46.320202 60.983218
47.193911 61.220816
47.849206 61.399017
48.543058 61.587704
49.198352 61.765905
50.097766 62.010493
50.765913 62.192189
51.536829 62.401832
52.230680 62.590519
53.014448 62.803658
53.708300 62.992344
54.337890 63.163556
55.224451 63.404648
54.260801 60.475604
52.963064 56.531095
51.819505 53.055214
51.048590 50.711994
50.431827 48.837326
49.635207 46.415975
48.491648 42.940095
47.887763 41.104569
47.258173 39.190912
46.397291 36.574236
45.806233 34.777698
45.099554 32.629727
43.724728 28.450903
43.082286 26.498182
42.426992 24.506394
41.681756 22.241228
40.949372 20.015126
40.088490 17.398450
39.034898 14.196026
38.302514 11.969925
37.608662 9.860942
36.799190 7.400526
36.131043 5.369674
35.411512 3.182638
34.730512 1.112720
34.062365 -0.111499
33.278597 -0.400806
32.584746 -0.656922
31.916624 -0.903541
31.222772 -1.159658
30.387595 -1.467941
29.706621 -1.719305
29.051326 -1.961189
28.396032 -2.203073
27.612238 -2.492389
26.879855 -2.762729
26.263117 -2.990381
25.505029 -3.270209
24.875439 -3.502605
24.194440 -3.753978
23.295026 -4.085972
22.626879 -4.332601
21.855938 -4.617173
21.174964 -4.868536
20.365466 -5.167341
19.607403 -5.447159
18.926404 -5.698532
18.206872 -5.964127
17.474489 -6.234467
16.536518 -6.580694
15.174519 -7.083439
14.403603 -7.368002
13.696899 -7.628862
12.810338 -7.956113
12.077954 -8.226453
11.499748 -8.439882
10.690276 -8.738677
9.970719 -9.004282
9.122715 -9.317300
8.428863 -9.573416
7.632243 -9.867467
6.964096 -10.114096
6.347333 -10.341757
5.447919 -10.673752
4.702683 -10.948835
4.098798 -11.171743
3.135122 -11.527458
2.479827 -11.769343
1.773149 -12.030194
1.040765 -12.300534
0.218415 -12.604082
-0.501117 -12.869678
-1.233500 -13.140018
-2.081530 -13.453045
-3.379267 -13.932070
-4.265828 -14.259320
-4.844034 -14.472749
-5.653507 -14.771544
-6.347358 -15.027661
-6.938416 -15.245834
-7.837830 -15.577828
-8.493125 -15.819713
-9.186977 -16.075829
-10.022154 -16.384113
-11.422685 -16.901081
-12.155068 -17.171421
-12.823215 -17.418049
-13.619836 -17.712100
-14.326514 -17.972951
-15.071750 -18.248035
-15.791307 -18.513640
-16.485133 -18.769748
-18.027015 -20.299547
-19.337604 -22.496109
-20.044283 -23.680510
-20.712430 -24.800332
-21.509050 -26.135476
-22.138665 -27.190718
-22.819639 -28.332038
-23.667669 -29.753345
-24.425758 -31.023910
-25.762052 -33.263553
-26.956995 -35.266291
-27.882113 -36.816800
-29.102761 -38.862619
-29.925086 -40.240845
-30.503292 -41.209924
-31.248528 -42.458948
-31.878118 -43.514147
-32.546265 -44.633969
-33.188707 -45.710709
-34.036737 -47.132016
-34.640647 -48.144177
-35.270237 -49.199376
-36.002620 -50.426859
-36.657915 -51.525140
-37.287530 -52.580382
-38.071298 -53.893985
-38.726593 -54.992266
-39.394740 -56.112088
-39.985798 -56.695468
-40.859507 -56.646833
-41.553359 -56.608209
-42.208653 -56.571732
-42.941037 -56.530964
-43.737682 -56.486619
-44.380125 -56.450857
-45.099656 -56.410804
-45.754950 -56.374327
-46.487334 -56.333559
-47.849333 -56.257744
-48.517480 -56.220551
-49.275568 -56.178352
-49.892306 -56.144021
-50.766040 -56.095385
-51.421335 -56.058908
-52.153718 -56.018140
-52.860397 -55.978802
-53.490012 -56.280860
-54.389426 -57.334184
-54.980484 -58.026385
-55.751425 -58.929251
-56.393867 -59.681629
-55.674336 -57.548157
-54.646398 -54.500231
-54.042513 -52.709660
-53.451455 -50.957121
-52.719072 -48.785540
-51.601218 -45.471006
-50.804572 -43.108882
-49.699570 -39.832457
-49.018571 -37.813234
-48.247656 -35.527403
-47.065540 -32.022326
-46.435950 -30.155538
-45.690714 -27.945848
-44.444361 -24.250304
-43.699125 -22.040615
-43.005299 -19.983359
-42.362831 -18.078387
-41.463417 -15.411546
-40.885212 -13.697116
-40.229917 -11.754111
-39.446149 -9.430171
-38.688061 -7.182373
-37.904268 -4.858358
-37.236121 -2.877244
-36.542294 -0.819988
-35.758501 0.163817
-34.897619 0.441842
-33.651266 0.844357
-33.008824 1.051836
-31.377026 1.578832
-30.143526 1.977196
-29.462527 2.197127
-28.730143 2.433653
-27.959202 2.682632
-27.252524 2.910856
-26.494435 3.155684
-25.749199 3.396361
-24.914022 3.666085
-24.322964 3.856970
-23.577728 4.097647
-22.704019 4.379814
-22.035872 4.595595
-21.213547 4.861168
-20.583931 5.064505
-19.800164 5.317626
-19.029223 5.566604
-18.412485 5.765782
-17.551603 6.043808
-16.819220 6.280334
-16.061131 6.525162
-15.392984 6.740942
-14.429308 7.052165
-13.080187 7.487869
-12.373483 7.716102
-11.525453 7.989977
-10.908716 8.189155
-10.073538 8.458879
-9.405391 8.674659
-8.673008 8.911186
-7.889215 9.164315
-7.272477 9.363493
-6.463005 9.624915
-5.769153 9.848997
-5.165268 10.044024
-4.471416 10.268107
-3.636239 10.537830
-2.826766 10.799253
-2.132914 11.023335
-1.387678 11.264012
-0.770941 11.463190
0.064237 11.732914
0.848030 11.986043
1.529004 12.205966
2.274240 12.446643
3.058033 12.699772
3.803269 12.940449
4.574210 13.189428
5.203800 13.392756
5.974715 13.641727
6.719951 13.882403
7.388098 14.098184
8.248980 14.376210
8.852865 14.571237
9.713747 14.849262
10.420452 15.077495
11.139983 15.309870
11.898071 15.554698
12.566193 15.770471
13.555574 16.089995
14.236548 16.309918
14.891842 16.521549
15.611399 16.753932
16.228136 16.953110
17.230344 17.276777
18.014137 17.529906
18.733668 17.762282
19.466052 17.998808
20.134199 18.214589
20.969376 18.484313
21.624671 18.695943
22.459848 18.965666
23.205084 19.206343
24.040262 19.476067
24.708409 19.691848
25.363678 19.903470
26.070382 20.131703
26.802766 20.368229
27.727885 20.667000
29.128415 21.127827
29.770857 22.153832
30.439004 23.220889
31.222772 24.472596
31.878067 25.519127
32.649008 26.750349
33.278597 27.755829
33.972424 28.863896
34.756217 30.115644
35.424364 31.182701
36.079659 32.229232
36.786337 33.357825
37.672899 34.773698
38.263957 35.717641
38.970636 36.846234
39.638783 37.913291
40.255520 38.898244
41.052166 40.170518
41.758845 41.299111
40.872283 38.604381
40.191284 36.534464
38.957783 32.785204
38.302514 30.793494
37.634367 28.762642
36.863426 26.419345
36.208132 24.427557
35.565690 22.474836
34.846158 20.287799
34.152307 18.178817
33.574126 16.421421
32.995921 14.663948
32.045097 11.773892
31.441212 9.938366
30.721681 7.751330
29.963593 5.447098
29.334003 3.533441
28.550210 1.151079
27.792121 -0.128757
26.468705 -0.577902
25.749148 -0.822107
25.016765 -1.070666
24.258676 -1.327948
23.076586 -1.729130
22.177172 -2.034376
21.444788 -2.282934
20.712405 -2.531493
19.427520 -2.967561
18.579490 -3.255368
17.782845 -3.525736
17.050461 -3.774294
16.318078 -4.022853
15.444343 -4.319384
14.827606 -4.528694
14.108074 -4.772890
13.414223 -5.008372
12.733249 -5.239483
11.859514 -5.536014
11.127130 -5.784572
10.381894 -6.037493
9.713747 -6.264251
8.904275 -6.538972
8.146186 -6.796254
7.388098 -7.053537
6.642862 -7.306457
5.807685 -7.589902
5.203800 -7.794850
4.432859 -8.056495
3.674770 -8.313777
2.955239 -8.557974
2.210003 -8.810894
1.361973 -9.098701
0.706679 -9.321097
-0.077089 -9.587094
-0.822325 -9.840015
-1.631823 -10.114745
-2.338502 -10.354580
-3.058033 -10.598776
-3.751885 -10.834258
-4.394327 -11.052292
-5.447944 -11.409872
-6.758534 -11.854663
-7.375271 -12.063974
-8.236153 -12.356143
-8.955684 -12.600339
-9.636684 -12.831459
-10.459009 -13.110542
-11.191392 -13.359101
-12.052275 -13.651269
-13.362864 -14.096061
-14.082395 -14.340258
-14.801926 -14.584455
-15.778455 -14.915872
-17.140428 -15.378102
-17.834280 -15.613584
-18.592368 -15.870866
-19.350457 -16.128149
-20.108520 -16.385422
-20.763814 -16.607818
-21.431961 -16.834576
-22.292843 -17.126745
-23.089464 -17.397104
-23.796168 -17.636948
-24.464315 -17.863705
-25.273787 -18.138427
-26.096112 -18.417510
-26.674318 -18.613743
-27.470964 -18.884111
-28.126258 -19.106507
-28.730143 -19.311455
-29.770908 -19.664673
-31.017261 -20.087664
-31.826733 -20.362386
-32.507733 -20.605897
-33.214412 -21.745568
-33.921116 -22.885280
-34.614942 -24.004223
-35.257384 -25.040298
-36.182503 -26.532250
-36.799266 -27.526912
-37.454561 -28.583715
-38.212649 -29.806294
-38.932180 -30.966692
-39.857299 -32.458644
-40.988005 -34.282150
-41.733241 -35.484002
-42.388536 -36.540805
-43.069535 -37.639062
-42.439946 -35.772490
-41.848888 -34.020155
-41.142183 -31.924958
-39.818767 -28.001369
-38.533857 -24.191941
-37.814326 -22.058716
-37.171884 -20.154040
-36.452353 -18.020815
-35.758501 -15.963722
-35.026117 -13.792393
-34.383675 -11.887717
-33.689823 -9.830625
-32.983145 -7.735503
-32.250736 -5.564099
-31.428411 -3.126116
-30.734584 -1.069099
-29.950791 0.147785
-29.166998 0.421499
-28.498876 0.654819
-27.869261 0.874691
-27.072641 1.152885
-26.365937 1.399679
-25.684963 1.637486
-24.888317 1.915689
-24.220170 2.149018
-23.436402 2.422723
-22.755403 2.660540
-22.138665 2.875915
-21.354872 3.149629
-20.609636 3.409879
-19.902957 3.656663
-19.132017 3.925889
-18.168341 4.262422
-16.934840 4.693182
-16.189604 4.953431
-15.495778 5.195727
-14.622043 5.500851
-13.966749 5.729691
-13.247218 5.980964
-12.476277 6.250190
-11.743893 6.505951
-10.870159 6.811074
-10.189185 7.048882
-9.456801 7.304643
-8.775802 7.542460
-7.837830 7.870016
-7.259625 8.071935
-6.565798 8.314232
-5.820562 8.574481
-5.075326 8.834730
-4.304386 9.103956
-3.623386 9.341773
-2.813914 9.624455
-2.145767 9.857784
-0.668147 10.373794
0.025679 10.616090
0.783768 10.880828
1.464767 11.118645
2.184298 11.369918
2.916682 11.625679
3.777564 11.926314
4.471416 12.168619
5.062449 12.375018
5.987567 12.698086
6.630010 12.922438
7.362419 13.178208
8.159039 13.456401
8.891422 13.712162
9.713747 13.999333
10.304805 14.205740
11.088573 14.479446
11.820982 14.735216
12.437720 14.950591
13.375691 15.278147
14.095222 15.529420
14.814753 15.780693
15.431516 15.996077
16.343782 16.314656
17.101871 16.579394
17.924196 16.866564
18.695111 17.135781
19.401815 17.382575
20.275525 17.687689
20.917967 17.912041
21.650376 18.167811
22.434144 18.441516
23.050881 18.656892
23.924616 18.962015
24.669852 19.222265
25.260910 19.428672
26.018973 19.693401
26.725677 19.940195
27.496592 20.209412
28.331770 20.501070
28.999917 20.734399
29.629506 20.954262
30.567478 21.937375
31.158536 22.916254
31.852362 24.065334
32.571919 25.257027
33.252893 26.384821
34.088070 27.767999
34.717660 28.810693
35.450043 30.023629
36.105338 31.108895
36.863426 32.364402
37.493016 33.407096
38.238252 34.641318
38.983488 35.875539
40.525370 38.429125
41.707460 40.386842
42.324198 41.408251
41.578962 39.143085
40.885135 37.034179
39.741577 33.558299
38.970636 31.215001
37.544426 26.879994
36.439424 23.521310
35.501453 20.670319
34.871863 18.756662
34.203716 16.725810
33.419923 14.343448
32.751801 12.312672
32.122186 10.398939
31.428360 8.290033
30.606035 5.790552
29.244061 1.650794
28.550210 -0.050845
27.933472 -0.258867
27.175384 -0.514566
26.520089 -0.735593
25.736296 -0.999962
24.965381 -1.259987
24.348618 -1.468018
23.706176 -1.684710
22.858146 -1.970745
22.151467 -2.209104
21.354847 -2.477799
20.660995 -2.711832
19.967169 -2.945855
19.119139 -3.231891
18.399608 -3.474585
17.692903 -3.712952
16.909136 -3.977312
16.189579 -4.220015
15.508605 -4.449703
14.789074 -4.692397
13.915339 -4.987103
12.553366 -5.446489
11.808130 -5.697852
11.152835 -5.918879
10.356190 -6.187583
9.739452 -6.395605
8.788629 -6.716313
8.081950 -6.954671
7.388098 -7.188704
6.514389 -7.483401
5.743448 -7.743435
4.420006 -8.189824
3.713328 -8.428183
2.878150 -8.709883
2.030120 -8.995919
1.413383 -9.203941
0.616737 -9.472645
-0.128499 -9.724009
-1.554734 -10.205070
-2.338502 -10.469430
-3.070885 -10.716459
-3.764737 -10.950491
-4.484268 -11.193185
-5.229504 -11.444549
-6.013298 -11.708918
-6.732829 -11.951611
-7.362419 -12.163968
-8.441741 -12.528018
-9.019921 -12.723034
-9.662363 -12.939726
-10.420452 -13.195425
-11.075746 -13.416452
-11.910924 -13.698153
-12.604775 -13.932185
-13.375716 -14.192219
-14.043838 -14.417573
-14.660601 -14.625603
-15.560015 -14.928970
-16.305251 -15.180334
-17.101896 -15.449038
-17.680076 -15.644055
-18.528106 -15.930091
-19.337604 -16.203130
-20.095693 -16.458829
-20.776667 -16.688517
-21.650401 -16.983223
-22.331401 -17.212920
-22.986695 -17.433947
-23.693374 -17.672306
-24.502847 -17.945336
-25.209551 -18.183704
-25.864845 -18.404731
-26.725728 -18.695101
-27.445259 -18.937795
-28.126258 -19.167492
-28.871494 -19.418856
-29.565321 -19.652880
-30.336261 -19.912914
-31.171439 -20.194614
-32.392087 -20.606332
-33.278648 -21.909223
-33.882559 -22.880410
-34.679179 -24.161505
-35.411588 -25.339337
-36.131119 -26.496461
-37.416003 -28.562764
-38.109855 -29.678591
-38.752297 -30.711742
-39.536091 -31.972209
-40.307006 -33.211967
-40.975153 -34.286456
-41.656152 -35.381614
-43.043831 -37.613226
-42.414241 -35.746674
-41.733241 -33.727707
-40.564003 -30.261253
-39.857299 -28.166079
-38.508178 -24.166325
-37.904268 -22.375904
-37.248973 -20.433145
-36.542294 -18.338046
-35.797058 -16.128636
-35.167443 -14.262009
-34.422207 -12.052599
-33.728381 -9.995604
-33.008824 -7.862326
-32.109410 -5.195823
-30.785968 -1.272200
-30.040732 0.110359
-29.308349 0.366035
-28.601645 0.612747
-27.779320 0.899822
-27.085493 1.142038
-26.301700 1.415662
-25.466523 1.707224
-24.130229 2.173726
-23.462082 2.406978
-21.971610 2.927304
-21.354872 3.142608
-20.545400 3.425197
-19.825843 3.676395
-19.067780 3.941037
-18.348223 4.192235
-17.577308 4.461363
-16.896309 4.699101
-16.176777 4.950291
-15.251633 5.273260
-14.596339 5.502025
-13.979601 5.717329
-13.208660 5.986466
-12.412040 6.264568
-11.396980 6.618927
-10.240569 7.022632
-9.456801 7.296247
-8.660155 7.574358
-7.889215 7.843494
-7.118299 8.112622
-5.794858 8.574638
-4.998237 8.852740
-4.407179 9.059079
-3.494913 9.377553
-2.852471 9.601831
-2.132914 9.853030
-1.233500 10.167017
0.089941 10.629033
0.822325 10.884709
1.490472 11.117960
2.389886 11.431947
2.993796 11.642774
3.751859 11.907415
4.471416 12.158613
5.203800 12.414290
6.000420 12.692391
6.630010 12.912182
7.465187 13.203744
8.094802 13.423544
9.135542 13.786868
10.317658 14.199547
11.088573 14.468675
11.936603 14.764724
12.720396 15.038348
13.375691 15.267112
14.108074 15.522789
14.917547 15.805377
15.534284 16.020681
16.433724 16.334677
17.166107 16.590354
17.898491 16.846030
18.682284 17.119654
19.440347 17.384295
20.147051 17.631007
20.956524 17.913595
21.740317 18.187219
22.331350 18.393549
23.333558 18.743422
23.911763 18.945275
24.656999 19.205438
25.350851 19.447663
26.096087 19.707826
26.905560 19.990414
27.548002 20.214692
28.357474 20.497281
29.025621 20.730532
30.490389 21.785871
31.184240 22.934820
31.968008 24.232660
32.546214 25.190110
33.342834 26.509233
34.049538 27.679464
34.743365 28.828371
35.424364 29.956037
36.156748 31.168790
36.940515 32.466631
37.557278 33.487928
38.225400 34.594270
38.996341 35.870870
40.345462 38.104879
40.987929 39.168740
41.707460 40.360211
42.337050 41.402749
43.069434 42.615502
43.737581 43.721886
44.495669 44.977204
45.189496 46.126111
46.384439 48.104816
47.271000 49.572872
47.939147 50.679257
49.224032 52.806896
49.879326 53.891997
50.598857 55.083468
51.382651 56.381351
52.037945 57.466453
52.667535 58.508990
53.502712 59.891960
54.132302 60.934497
54.928922 62.253620
56.316601 63.039986
56.997600 63.225178
57.768541 63.434828
58.500924 63.433306
59.156219 63.273506
59.862898 63.101175
60.556724 62.931979
61.379049 62.731447
62.072901 62.562244
62.702491 62.408713
63.537668 62.205046
64.257199 62.029582
64.963904 61.857245
65.786229 61.656713
66.711347 61.431113
67.906290 61.139715
68.664353 60.954854
69.358205 60.785651
70.167678 60.588253
70.887209 60.412788
71.619593 60.234189
72.210651 60.090054
73.007271 59.895790
73.739654 59.717192
72.570416 56.168450
71.825180 53.906592
71.246975 52.151687
70.617385 50.240826
69.358205 46.419104
68.754295 44.586182
68.034764 42.402341
67.405174 40.491480
66.582849 37.995650
65.323669 34.173928
64.694054 32.262990
64.103021 30.469154
63.396343 28.324321
62.676786 26.140403
62.072901 24.307558
61.301960 21.967684
60.620986 19.900868
59.888603 17.678018
59.220456 15.650133
58.578013 13.700264
57.832777 11.438406
57.036157 9.020593
56.368010 6.992707
55.674158 4.886805
55.006037 2.858997
54.376422 0.948059
53.528417 -0.134067
52.821713 -0.310950
52.153591 -0.478177
51.382651 -0.671138
50.624562 -0.860883
49.866474 -1.050627
49.172647 -1.224287
48.517353 -1.388303
47.784969 -1.571614
47.065438 -1.751708
46.345907 -1.931802
45.510729 -2.140841
44.842582 -2.308074
44.225820 -2.462446
43.454904 -2.655401
42.812462 -2.816200
42.028669 -3.012378
41.244901 -3.208550
39.844370 -3.559094
39.111987 -3.742405
38.482397 -3.899987
37.672899 -4.102599
36.991925 -4.273042
36.118190 -4.491732
35.462896 -4.655748
34.781922 -4.826191
34.100922 -4.996641
33.368539 -5.179952
32.584746 -5.376130
31.916624 -5.543357
31.132831 -5.739535
30.503241 -5.897117
29.693768 -6.099723
28.909975 -6.295901
28.177592 -6.479212
27.445208 -6.662523
26.777061 -6.829756
25.890499 -7.051656
25.170968 -7.231750
24.489969 -7.402200
23.731880 -7.591944
22.973792 -7.781689
22.254261 -7.961783
21.431936 -8.167605
20.673847 -8.357350
20.069962 -8.508498
19.376111 -8.682165
18.540933 -8.891204
17.731461 -9.093810
16.909136 -9.299632
16.202431 -9.476516
15.521457 -9.646959
14.711959 -9.849571
13.953896 -10.039309
13.285749 -10.206542
12.373483 -10.434876
11.666779 -10.611760
10.998632 -10.778993
10.202012 -10.978382
9.469628 -11.161692
8.814333 -11.325708
7.927746 -11.547615
7.233920 -11.721275
6.424447 -11.923881
5.782005 -12.084680
5.036769 -12.271208
4.265828 -12.464169
3.520592 -12.650697
2.801061 -12.830791
2.081505 -13.010891
1.246327 -13.219931
0.449707 -13.419319
-0.256972 -13.596196
-0.989381 -13.779514
-1.786001 -13.978902
-2.454148 -14.146135
-3.250768 -14.345524
-3.996004 -14.532052
-4.754093 -14.721796
-5.627827 -14.940486
-6.912712 -15.262084
-7.657948 -15.448612
-9.186977 -15.831318
-9.855098 -15.998544
-10.677449 -16.204373
-12.129364 -16.567778
-12.900304 -16.760739
-13.517042 -16.915105
-14.390776 -17.133795
-15.020366 -17.291377
-15.881248 -17.506850
-16.587927 -17.683727
-17.256074 -17.850960
-18.014163 -18.040705
-18.707989 -18.214365
-19.633108 -18.445916
-20.288402 -18.609932
-20.995107 -18.786815
-21.714638 -18.966909
-23.282199 -19.359259
-23.988903 -19.536143
-24.695582 -19.713020
-25.338024 -19.873819
-26.160374 -20.079648
-26.841348 -20.250091
-27.650846 -20.452703
-28.408935 -20.642448
-29.115614 -21.538770
-29.899407 -22.626270
-30.516144 -23.481983
-31.325617 -24.605113
-31.980911 -25.514323
-32.700468 -26.512696
-33.497088 -27.617993
-34.088146 -28.438076
-34.974708 -29.668166
-35.604323 -30.541746
-37.030533 -32.520589
-37.685828 -33.429799
-38.443916 -34.481635
-39.112063 -35.408677
-39.831594 -36.407015
-40.615387 -37.494515
-41.244977 -38.368060
-41.990213 -39.402063
-42.748302 -40.453898
-43.429301 -41.398773
-44.727038 -43.199362
-45.523683 -44.304694
-46.731479 -45.980490
-47.399626 -46.907533
-48.042068 -47.798911
-48.735894 -48.761583
-49.583924 -49.938211
-50.958775 -51.845794
-52.205103 -53.575052
-52.963191 -54.626887
-53.618486 -55.536098
-54.273780 -56.445308
-54.929075 -57.354518
-55.751425 -58.495516
-56.406720 -59.404726
-57.087694 -60.349566
-57.845782 -61.401401
-58.513929 -62.191074
-59.207781 -63.003659
-59.953017 -63.876422
-60.608312 -64.643852
-61.430637 -65.606895
-62.008842 -66.284045
-62.908282 -67.337398
-63.512167 -68.044621
-64.270255 -68.932435
-65.002639 -69.790146
-66.505963 -71.550723
-67.199815 -72.363308
-67.842257 -73.115687
-68.664582 -74.078730
-69.242788 -74.755879
-70.013728 -75.658745
-70.887463 -76.681995
-71.555610 -77.464477
-72.403640 -77.528411
-73.161728 -74.480493
-73.778466 -72.000882
-74.523702 -69.004638
-73.906964 -67.178534
-72.853347 -64.058867
-72.236609 -62.232762
-71.594142 -60.330473
-70.476288 -57.020607
-69.808141 -55.042284
-69.062905 -52.835706
-67.945051 -49.525841
-67.186962 -47.281208
-66.518815 -45.302885
-65.927757 -43.552815
-65.156842 -41.270203
-64.565784 -39.520133
-63.897637 -37.541810
-63.306579 -35.791740
-62.265814 -32.710127
-61.135108 -29.362207
-60.338487 -27.003485
-59.644636 -24.949052
-58.809458 -22.476166
-57.421780 -18.367375
-56.239664 -14.867235
-55.288866 -12.052007
-54.646398 -10.149717
-53.978277 -8.171469
-53.310130 -6.193145
-52.603425 -4.100657
-51.639749 -1.247299
-50.406275 0.170154
-49.519688 0.355887
-48.633126 0.541615
-47.386773 0.802717
-46.808568 0.923846
-46.011922 1.090738
-45.253859 1.249546
-43.801919 1.553716
-43.133772 1.693688
-41.733241 1.987089
-40.975153 2.145903
-40.319858 2.283182
-39.587475 2.436611
-38.842239 2.592732
-38.045593 2.759623
-37.248973 2.926509
-36.542294 3.074553
-35.822738 3.225295
-34.897619 3.419100
-34.319413 3.540230
-33.561325 3.699044
-32.803262 3.857852
-31.968059 4.032821
-31.274233 4.178172
-30.580381 4.323529
-29.860850 4.474265
-29.012820 4.651921
-28.203347 4.821499
-27.470964 4.974928
-26.815669 5.112207
-26.057581 5.271021
-25.415138 5.405608
-24.515699 5.594034
-23.796168 5.744770
-23.038079 5.903584
-22.344228 6.048941
-21.534755 6.218519
-20.776667 6.377333
-20.121372 6.514612
-19.311899 6.684191
-18.540959 6.845697
-17.628692 7.036810
-16.305251 7.314061
-15.637104 7.454032
-14.750542 7.639760
-14.069543 7.782425
-13.337159 7.935853
-12.630480 8.083897
-11.820982 8.253481
-11.062894 8.412295
-10.253421 8.581873
-9.598127 8.719153
-8.929980 8.859124
-8.133359 9.026010
-7.298182 9.200974
-6.617183 9.343638
-5.923356 9.488989
-5.255209 9.628961
-4.368622 9.814694
-3.700475 9.954666
-3.070885 10.086560
-2.248560 10.258831
-1.593266 10.396110
-0.835177 10.554924
-0.025705 10.724503
0.822325 10.902158
1.426210 11.028668
2.158619 11.182102
2.891003 11.335531
3.790417 11.523951
4.484268 11.669308
5.190947 11.817352
5.871947 11.960016
6.630010 12.118824
7.388098 12.277638
8.197596 12.447222
8.865718 12.587188
9.572422 12.735238
10.613187 12.953270
11.949455 13.233208
12.720396 13.394714
13.337134 13.523916
14.262252 13.717722
15.020341 13.876535
15.739872 14.027272
16.536518 14.194163
17.256049 14.344899
18.065521 14.514478
18.836462 14.675984
19.658787 14.848255
20.301229 14.982842
21.136407 15.157805
21.894495 15.316619
22.575495 15.459283
23.410672 15.634246
24.284381 15.817282
24.913971 15.949176
25.710617 16.116067
26.430148 16.266804
27.201089 16.428310
27.869210 16.568276
28.627299 16.727090
29.359682 16.880519
30.040682 17.023183
30.721681 17.165848
31.595390 17.348883
32.289242 17.494240
33.047305 17.653048
33.754009 17.801097
34.512098 17.959911
35.424364 18.151024
36.773485 18.433655
37.467337 18.579011
38.276809 18.748590
39.009193 18.902019
39.703019 19.047370
40.461108 19.206184
41.065018 19.332699
41.861638 19.499584
42.671111 19.669163
43.364963 20.160054
44.097346 21.089967
44.701231 21.856724
45.562114 22.949792
46.397291 24.010223
47.733560 25.706893
48.440264 26.604201
49.262589 27.648313
49.943588 28.512983
50.663119 29.426577
51.408355 30.372808
51.999388 31.123247
52.898802 32.265239
53.605506 33.162547
54.273653 34.010898
54.877538 34.777655
55.892598 36.066485
54.916095 33.102711
54.260801 31.113834
53.669743 29.319920
52.924507 27.058063
51.601091 23.041377
50.868682 20.818451
50.290501 19.063622
49.326825 16.138780
48.054793 12.278050
47.425204 10.367189
46.679968 8.105331
45.664907 5.024533
45.086702 3.269628
43.737581 -0.058332
43.005197 -0.215487
42.324198 -0.361615
41.617519 -0.513253
40.885135 -0.670407
40.127047 -0.833077
39.458900 -0.976448
38.713664 -1.136360
37.968428 -1.296272
37.184660 -1.464452
36.439424 -1.624364
35.796982 -1.762219
34.987484 -1.935920
34.306510 -2.082043
33.728304 -2.206114
32.918832 -2.379810
32.122186 -2.550753
31.441212 -2.696876
30.644567 -2.867820
29.989272 -3.008432
29.218357 -3.173855
28.563062 -3.314467
27.804974 -3.477137
27.072590 -3.634291
26.391591 -3.780419
25.710617 -3.926542
24.772645 -4.127811
24.181587 -4.254640
23.307878 -4.442120
22.691115 -4.574464
22.022968 -4.717835
21.110702 -4.913588
20.442580 -5.056953
19.684492 -5.219623
19.067729 -5.351967
18.091226 -5.561504
17.345990 -5.721416
16.587902 -5.884086
15.855518 -6.041241
15.161692 -6.190121
14.146606 -6.407937
12.810338 -6.694673
12.013692 -6.865616
10.536072 -7.182682
9.816541 -7.337079
9.045600 -7.502507
8.377479 -7.645872
7.696479 -7.792000
6.771361 -7.990511
6.103214 -8.133881
5.306593 -8.304819
4.715535 -8.431648
3.713328 -8.646701
3.045181 -8.790071
2.274240 -8.955499
1.618945 -9.096112
0.758088 -9.280834
0.025679 -9.437993
-0.693852 -9.592390
-1.516177 -9.768843
-2.171471 -9.909456
-2.929560 -10.072126
-3.674796 -10.232038
-4.445711 -10.397460
-5.229504 -10.565646
-5.833415 -10.695232
-6.591478 -10.857897
-7.362419 -11.023325
-8.146212 -11.191510
-8.955684 -11.365206
-9.533890 -11.489277
-10.343363 -11.662973
-11.101451 -11.825643
-11.769598 -11.969013
-12.604775 -12.148225
-13.542747 -12.349494
-14.789074 -12.616930
-15.521483 -12.774090
-16.472281 -12.978111
-17.294631 -13.154570
-17.924221 -13.289667
-18.566663 -13.427522
-19.466077 -13.620517
-20.082840 -13.752862
-20.956549 -13.940341
-21.611844 -14.080954
-22.369932 -14.243624
-23.076637 -14.395268
-23.911814 -14.574479
-24.605640 -14.723360
-25.350876 -14.883272
-26.134670 -15.051458
-26.789964 -15.192070
-27.715083 -15.390581
-28.434614 -15.544978
-29.192703 -15.707648
-29.873702 -15.853776
-30.631790 -16.016446
-31.723940 -16.250798
-32.867498 -16.496182
-33.625587 -16.658852
-34.255177 -16.793949
-35.077502 -16.970403
-35.797058 -17.124804
-36.555121 -17.287469
-37.261825 -17.439113
-37.942825 -17.585241
-38.790855 -17.767211
-39.523238 -17.924365
-40.332711 -18.098061
-40.910916 -18.222132
-41.527654 -18.354471
-42.529887 -18.569529
-43.185182 -18.710141
-43.866156 -18.856264
-44.727038 -19.040992
-45.472274 -19.200904
-46.166126 -19.349790
-46.847125 -20.154329
-47.463862 -20.939965
-48.286187 -21.987490
-48.941482 -22.822243
-49.725275 -23.820685
-50.380570 -24.655437
-51.164363 -25.653879
-52.423543 -27.257895
-53.335809 -28.419994
-53.914015 -29.156546
-54.556457 -29.974926
-55.430191 -31.087940
-56.753633 -32.773818
-56.085486 -30.795721
-55.455896 -28.931775
-54.260953 -25.394061
-53.515692 -23.187661
-52.847570 -21.209639
-52.115161 -19.041290
-51.524129 -17.291496
-50.843129 -15.275348
-50.020804 -12.840796
-48.735894 -9.036729
-48.003511 -6.868455
-47.296832 -4.776282
-46.615833 -2.760134
-45.921981 -0.705937
-45.215302 0.103063
-44.521450 0.255787
-43.801919 0.414164
-43.069535 0.575369
-42.388536 0.725265
-41.476270 0.926064
-40.152828 1.217368
-39.369035 1.389889
-38.739445 1.528469
-37.981357 1.695332
-37.223268 1.862195
-36.478032 2.026230
-35.771353 2.181777
-35.000413 2.351470
-34.370823 2.490049
-33.587030 2.662570
-32.751852 2.846402
-32.070853 2.996297
-31.364174 3.151845
-30.516144 3.338505
-29.886554 3.477085
-29.192703 3.629809
-28.434614 3.796672
-27.637994 3.972017
-27.034084 4.104944
-26.031876 4.325541
-25.363729 4.472607
-24.644198 4.630984
-23.988903 4.775221
-23.217962 4.944913
-22.421342 5.120258
-21.663254 5.287121
-20.879460 5.459643
-20.198461 5.609538
-19.350457 5.796193
-18.630900 5.954575
-17.949926 6.104464
-17.178985 6.274157
-16.485133 6.426881
-15.482926 6.647478
-14.827631 6.791715
-14.069543 6.958578
-13.414248 7.102816
-12.579071 7.286647
-11.820982 7.453511
-11.165688 7.597748
-10.433304 7.758953
-9.778009 7.903191
-8.968537 8.081364
-8.146212 8.262367
-7.465212 8.412262
-6.797065 8.559329
-6.064682 8.720534
-5.229504 8.904365
-4.522826 9.059913
-3.854679 9.206979
-3.083738 9.376672
-2.364207 9.535048
-1.580413 9.707570
-0.796646 9.880085
-0.064262 10.041291
0.603885 10.188357
2.068678 10.510774
2.839593 10.680460
3.636239 10.855811
4.432859 11.031155
5.242331 11.209329
5.833389 11.339427
6.578625 11.503461
7.323861 11.667496
8.274685 11.876782
8.891422 12.012533
9.572422 12.162428
10.343337 12.332115
11.075746 12.493326
11.846662 12.663013
12.617602 12.832705
13.337134 12.991081
14.056665 13.149458
14.917547 13.338947
15.714193 13.514298
16.369462 13.658529
17.204639 13.842361
17.949875 14.006395
19.491757 14.345780
20.249845 14.512643
20.930819 14.662533
21.804554 14.854851
22.498380 15.007570
23.256469 15.174433
24.091646 15.358265
24.734088 15.499673
25.556413 15.680676
26.481532 15.884304
27.804974 16.175608
28.473121 16.322674
30.092066 16.679022
31.544006 16.998609
32.250685 17.154157
33.754009 17.485054
34.499245 17.649089
35.090278 17.779182
35.835514 17.943216
36.670691 18.127047
37.428780 18.293911
38.186868 18.460774
38.893547 18.616322
39.561694 18.763388
40.486813 18.967017
41.090698 19.099938
41.797402 19.255491
42.658259 19.444975
44.071642 19.907692
44.739789 20.780535
45.395083 21.636587
46.178851 22.660473
46.949792 23.667601
47.669323 24.607571
48.453116 25.631489
49.108411 26.487542
49.943588 27.578587
50.624562 28.468186
51.305562 29.357819
52.050798 30.331368
52.796034 31.304917
53.541270 32.278466
54.196539 33.134485
54.890391 34.040908
55.751273 35.165532
56.380863 35.988005
55.507128 33.336143
54.916095 31.542307
54.260801 29.553429
53.477008 27.174547
52.192123 23.274809
51.549681 21.324940
50.881534 19.297054
50.072061 16.840233
49.455324 14.968380
48.684383 12.628506
48.054793 10.717645
47.309557 8.455788
46.602879 6.310955
45.806233 3.893065
45.099554 1.748232
44.444260 -0.016446
43.737581 -0.163028
42.966640 -0.322939
42.247109 -0.472187
41.553257 -0.616108
40.808021 -0.770688
39.985696 -0.941257
38.559486 -1.237087
37.852782 -1.383674
37.184660 -1.522258
36.285221 -1.708823
35.668483 -1.836749
35.013189 -1.972672
34.242248 -2.132583
33.664068 -2.252512
32.854570 -2.420421
32.057950 -2.585658
31.402655 -2.721582
30.490389 -2.910807
29.835094 -3.046731
29.115563 -3.195979
28.460268 -3.331902
27.702180 -3.489148
27.072590 -3.619739
26.147471 -3.811631
25.479324 -3.950220
24.721236 -4.107466
24.053114 -4.246050
23.384967 -4.384639
22.601174 -4.547216
21.830259 -4.707122
21.046465 -4.869699
20.314082 -5.021613
19.620230 -5.165534
18.849315 -5.325440
18.052669 -5.490683
17.294606 -5.647923
16.575049 -5.797176
15.739872 -5.970412
15.046046 -6.114328
14.223721 -6.284897
13.555574 -6.423487
12.771780 -6.586064
11.988013 -6.748636
11.204219 -6.911213
10.587482 -7.039139
9.726600 -7.217706
9.084158 -7.350964
8.197596 -7.534857
7.452360 -7.689437
6.681419 -7.849348
6.013272 -7.987937
5.242331 -8.147849
4.471416 -8.307755
3.816121 -8.443678
3.006623 -8.611587
2.145767 -8.790149
1.541856 -8.915414
0.680974 -9.093982
-0.038557 -9.243229
-0.732384 -9.387145
-1.606118 -9.568378
-2.312797 -9.714960
-3.019501 -9.861547
-3.803269 -10.024119
-4.509973 -10.170706
-5.512181 -10.378588
-6.707124 -10.626447
-7.439508 -10.778361
-8.030566 -10.900960
-9.032773 -11.108841
-9.675216 -11.242099
-10.433304 -11.399344
-11.101451 -11.537934
-11.743893 -11.671192
-12.656160 -11.860417
-13.401396 -12.014997
-14.172336 -12.174908
-14.866188 -12.318829
-15.855544 -12.524045
-16.575075 -12.673292
-17.230369 -12.809216
-17.962753 -12.961129
-18.643752 -13.102385
-19.581724 -13.296942
-20.301255 -13.446190
-20.943697 -13.579447
-21.766047 -13.750022
-22.421342 -13.885946
-23.217962 -14.051183
-24.001755 -14.213761
-24.901169 -14.400320
-26.237463 -14.677499
-26.995552 -14.834744
-27.727935 -14.986658
-28.460319 -15.138572
-29.089909 -15.269163
-30.002175 -15.458389
-30.721732 -15.607642
-31.531204 -15.775546
-32.173647 -15.908803
-33.047381 -16.090036
-33.754060 -16.236618
-34.435059 -16.377873
-35.180295 -16.532453
-35.874147 -16.676374
-36.580826 -16.822956
-37.390299 -16.990860
-38.007061 -17.118791
-38.970737 -17.318680
-39.574622 -17.443940
-40.551151 -17.646495
-41.180741 -17.777087
-41.861740 -17.918342
-42.594124 -18.070255
-43.326507 -18.222169
-43.917565 -18.344768
-44.701333 -18.507340
-45.497979 -18.672583
-46.089037 -18.795183
-46.808568 -19.183808
-47.643745 -20.227193
-48.221951 -20.949543
-49.005744 -21.928734
-49.661039 -22.747392
-50.419102 -23.694438
-51.164363 -24.625491
-51.896747 -25.540456
-52.539189 -26.343057
-53.387219 -27.402499
-54.016808 -28.189044
-54.672103 -29.007701
-55.468749 -30.002949
-56.124043 -30.821606
-56.894984 -31.784741
-56.072634 -29.350147
-55.417339 -27.410127
-54.235248 -23.910511
-53.567101 -21.932441
-52.873250 -19.878272
-52.140866 -17.710027
-51.511276 -15.846107
-50.791745 -13.715913
-50.213539 -12.004117
-49.468303 -9.797823
-48.723067 -7.591529
-48.042068 -5.575409
-47.296832 -3.369115
-46.667217 -1.505120
-45.138213 0.223394
-44.560007 0.349953
-43.737682 0.529946
-43.056683 0.679005
-42.465625 0.808378
-41.579063 1.002431
-40.859507 1.159930
-40.114271 1.323049
-39.446149 1.469290
-38.623799 1.649288
-37.878563 1.812407
-37.223268 1.955840
-36.413796 2.133020
-35.822738 2.262393
-35.000413 2.442385
-34.255177 2.605505
-33.587030 2.751751
-32.739000 2.937370
-31.222823 3.269235
-30.606086 3.404229
-29.950791 3.547661
-29.154171 3.722028
-28.383230 3.890774
-27.650846 4.051080
-26.828496 4.231079
-26.096112 4.391385
-25.376581 4.548878
-24.489994 4.742937
-23.898962 4.872304
-23.140873 5.038236
-22.421342 5.195729
-21.740343 5.344789
-20.789519 5.552908
-19.401841 5.856647
-18.630900 6.025393
-17.859959 6.194138
-17.153280 6.348818
-16.395192 6.514751
-15.547162 6.700370
-14.930425 6.835364
-14.043838 7.029422
-13.285775 7.195349
-12.694717 7.324722
-11.808130 7.518781
-11.229950 7.645334
-10.330510 7.842206
-9.610979 7.999699
-8.955684 8.143132
-8.184744 8.311878
-7.516597 8.458124
-6.694272 8.638117
-5.949036 8.801236
-5.293741 8.944669
-4.535653 9.110602
-3.867531 9.256842
-3.045206 9.436835
-2.338502 9.591521
-1.606118 9.751827
-0.976528 9.889633
-0.192735 10.061192
0.629590 10.241185
1.439062 10.418365
2.068678 10.556177
2.903855 10.738983
3.649091 10.902103
4.381475 11.062409
5.190947 11.239589
5.820537 11.377395
6.514389 11.529268
7.336714 11.709260
8.056245 11.866754
8.865718 12.043933
9.521012 12.187366
10.202012 12.336425
11.062894 12.524858
11.859514 12.699224
12.514809 12.842657
13.401370 13.036710
14.030985 13.174522
14.866163 13.357328
15.688488 13.537321
16.343782 13.680754
17.166107 13.860747
18.026990 14.049180
18.746521 14.206673
19.427520 14.355732
20.224140 14.530098
21.007908 14.701652
21.830259 14.881650
22.511233 15.030704
23.230764 15.188197
24.117351 15.382256
24.849734 15.542562
25.530734 15.691621
26.365911 15.874427
27.021206 16.017860
27.856383 16.200666
28.537357 16.349720
29.244061 16.504405
29.989272 16.667519
30.657419 16.813765
31.505449 16.999384
32.237832 17.159691
33.047305 17.336870
33.728304 17.485930
34.396451 17.632176
35.270161 17.823416
35.874071 17.955601
36.670691 18.129968
37.415927 18.293087
38.238252 18.473080
38.906399 18.619326
39.613078 18.774006
40.294077 18.923065
41.244901 19.131184
41.938727 19.283051
42.671111 19.443357
43.364963 19.595230
44.045937 19.937715
44.842582 20.975109
45.703439 22.096119
47.065438 23.869718
47.746412 24.756484
48.504500 25.743669
49.198352 26.647205
49.917883 27.584180
50.650267 28.537892
51.382651 29.491604
52.153591 30.495525
52.796034 31.332115
53.502712 32.252354
54.183712 33.139154
55.070273 34.293637
55.969687 35.464856
57.113246 36.954002
57.819925 37.874241
58.513777 38.777776
59.271840 39.764928
59.939987 40.634991
60.633839 41.538527
61.327665 42.442029
62.098606 43.445951
62.805285 44.366190
63.486284 45.252989
64.154406 46.123019
64.745464 46.892696
65.542084 47.930057
66.313025 48.933979
66.929762 49.737096
67.674998 50.707544
68.330293 51.560871
69.126913 52.598232
69.795060 53.468295
70.463207 54.338357
71.272679 55.392455
71.850885 56.145396
72.660358 57.199493
73.508387 58.303800
74.716183 58.366821
75.589892 58.153758
76.913334 58.256268
77.658570 58.469872
79.174721 58.904439
80.523842 59.291131
81.217694 59.490006
82.027166 59.722021
82.682461 59.909845
83.427697 60.123448
84.185785 60.340736
84.853907 60.532236
85.868967 60.823178
86.472878 60.996274
87.102467 61.176730
87.950497 61.419796
89.518033 61.869091
90.211885 62.067967
90.944268 62.277886
91.715209 62.498857
92.331946 62.675630
91.162708 59.130920
90.571650 57.339045
89.967765 55.508283
88.785649 51.924532
88.104675 49.860064
86.652760 45.458381
85.997466 43.471763
85.355024 41.524110
84.018730 37.472947
83.389140 35.564257
82.669609 33.382897
82.065724 31.552135
81.230546 29.020178
80.600956 27.111488
79.804311 24.696345
79.213278 22.904547
78.352396 20.294662
77.620012 18.074338
76.309423 14.101103
75.641302 12.075599
74.998834 10.127868
74.099420 7.401169
73.495535 5.570407
72.814536 3.505861
72.082152 1.285538
71.491119 -0.027360
70.707326 -0.155776
69.936411 -0.282082
69.242559 -0.395762
68.625822 -0.496807
67.674998 -0.652589
66.955467 -0.770477
66.261615 -0.884157
65.477847 -1.012568
64.784021 -1.126244
63.948843 -1.263079
63.306401 -1.368336
62.638254 -1.477805
61.893018 -1.599903
61.186339 -1.715685
60.286900 -1.863048
59.670163 -1.964094
58.989163 -2.075668
58.115454 -2.218816
57.511544 -2.317760
56.792012 -2.435647
56.033924 -2.559852
55.301540 -2.679845
53.811094 -2.924038
53.130094 -3.035612
52.449095 -3.147186
51.613918 -3.284021
50.162003 -3.521901
49.301121 -3.662947
48.632999 -3.772412
47.900615 -3.892405
47.155379 -4.014504
46.384439 -4.140814
45.574966 -4.273437
44.816878 -4.397641
44.123051 -4.511317
43.172228 -4.667099
41.874491 -4.879719
41.142107 -4.999712
40.409724 -5.119705
39.664488 -5.241804
38.880694 -5.370220
38.161163 -5.488107
37.441632 -5.605994
36.645012 -5.736512
35.822661 -5.871245
35.154540 -5.980709
34.422156 -6.100702
33.766862 -6.208065
32.905979 -6.349111
32.173596 -6.469104
31.479744 -6.582784
30.657419 -6.717513
29.950740 -6.833295
29.154095 -6.963816
28.447416 -7.079598
27.715032 -7.199591
26.982649 -7.319584
26.070382 -7.469049
25.479324 -7.565887
24.644147 -7.702722
23.950320 -7.816398
23.333558 -7.917448
22.318497 -8.083754
21.688908 -8.186905
20.956524 -8.306898
20.211288 -8.428997
19.504609 -8.544779
18.720816 -8.673195
17.937048 -8.801606
17.076166 -8.942652
16.433724 -9.047910
15.482900 -9.203692
14.840458 -9.308949
14.133779 -9.424730
13.375691 -9.548935
12.489104 -9.694192
11.589690 -9.841551
10.369042 -10.041541
9.482480 -10.186794
8.865718 -10.287844
7.850657 -10.454151
7.272477 -10.548879
6.527241 -10.670978
5.756300 -10.797288
5.088153 -10.906757
4.265828 -11.041486
3.494888 -11.167796
2.813888 -11.279370
2.132914 -11.390940
1.361973 -11.517250
0.501091 -11.658296
-0.205588 -11.774078
-1.079322 -11.917230
-1.824558 -12.039329
-2.659736 -12.176163
-3.237916 -12.270892
-4.098798 -12.411938
-4.741240 -12.517195
-5.447944 -12.632981
-6.206033 -12.757185
-6.925564 -12.875072
-7.799273 -13.018220
-8.377479 -13.112953
-9.161272 -13.241369
-10.009302 -13.380309
-10.664596 -13.487672
-11.422685 -13.611876
-12.103659 -13.723446
-13.080187 -13.883440
-13.786866 -13.999221
-14.480718 -14.112901
-15.238806 -14.237106
-15.945485 -14.352887
-16.844899 -14.500246
-17.474514 -14.603402
-18.219750 -14.725501
-19.029223 -14.858124
-19.710222 -14.969698
-20.571079 -15.110740
-21.239226 -15.220209
-21.971610 -15.340202
-22.626904 -15.447565
-23.513491 -15.592822
-24.374373 -15.733868
-25.055347 -15.845438
-25.710642 -15.952801
-27.393849 -16.228576
-28.113406 -16.346468
-28.845789 -16.466461
-29.501084 -16.573823
-30.426203 -16.725394
-31.055793 -16.828545
-31.762497 -16.944331
-32.584822 -17.079060
-33.381442 -17.209577
-34.049589 -17.319046
-34.743441 -17.432726
-35.565766 -17.567455
-36.311002 -17.689554
-36.914912 -17.788498
-37.878563 -17.946381
-38.508178 -18.049537
-39.330503 -18.184266
-40.062887 -18.304259
-41.501974 -18.540037
-42.195801 -18.653713
-42.992446 -19.286637
-43.647741 -19.996190
-44.482918 -20.900519
-45.189597 -21.665710
-45.909154 -22.444846
-46.641537 -23.237870
-47.258275 -23.905673
-48.003511 -24.712614
-48.748747 -25.519555
-49.429746 -26.256940
-50.213539 -27.105631
-50.907366 -27.856905
-51.626922 -28.636041
-52.372158 -29.442981
-53.014601 -30.138617
-53.862630 -31.056863
-54.453688 -31.696860
-55.198924 -32.503801
-55.957013 -33.324659
-56.663692 -34.089850
-57.408928 -34.896791
-58.141311 -35.689815
-58.758074 -36.357645
-59.528989 -37.192392
-60.274251 -37.999360
-61.058019 -38.848023
-61.854664 -39.710630
-63.190958 -41.157568
-64.038988 -42.075814
-64.758519 -42.854922
-66.030551 -44.232277
-66.737255 -44.997496
-67.546728 -45.873992
-68.394758 -46.792238
-69.641110 -48.141788
-70.463435 -49.032200
-71.144435 -49.769586
-71.889671 -50.576527
-72.609227 -51.355662
-73.200260 -51.995632
-73.996906 -52.858239
-74.703584 -53.623430
-75.513082 -54.499954
-76.245466 -55.292978
-76.964997 -53.844889
-77.800200 -50.486931
-78.468322 -47.800728
-79.239262 -46.638412
-79.856025 -45.918032
-80.704055 -44.927532
-81.385054 -44.132124
-82.323026 -43.036572
-82.939763 -42.316222
-83.723556 -41.400751
-84.481645 -40.515302
-85.188323 -39.689900
-85.972117 -38.774429
-86.743057 -37.873969
-87.552530 -36.928504
-88.233529 -36.133096
-89.325704 -34.857434
-89.916737 -34.167107
-90.790471 -33.146584
-91.754147 -32.021009
-92.396589 -31.270636
-93.308856 -30.205107
-94.054117 -29.334641
-94.747944 -28.524251
-94.118354 -26.662354
-93.488764 -24.800456
-92.782060 -22.710507
-92.126765 -20.772592
-90.726235 -16.630777
-90.032383 -14.578837
-89.325704 -12.488963
-88.670384 -10.550973
-87.835207 -8.081087
-87.218469 -6.257199
-86.550322 -4.281275
-85.843618 -2.191326
-85.239733 -0.405446
-84.417383 0.046029
-83.672147 0.096087
-83.016852 0.140104
-82.297321 0.188436
-81.603469 0.235043
-80.781144 0.290279
-80.164381 0.331708
-79.470555 0.378313
-78.686762 0.430961
-77.967230 0.479293
-77.234847 0.528488
-76.425349 0.582863
-75.808611 0.624289
-75.089055 0.672623
-74.151084 0.735627
-73.470084 0.781371
-72.776258 0.827976
-72.120963 0.871993
-71.182992 0.934997
-70.527697 0.979014
-69.718199 1.033389
-69.050052 1.078269
-68.369078 1.124011
-67.341140 1.193059
-66.017724 1.281954
-65.259636 1.332875
-63.666370 1.439897
-63.023902 1.483052
-62.252987 1.534835
-61.482046 1.586620
-60.685401 1.640132
-60.068663 1.681559
-59.246338 1.736795
-58.501077 1.786855
-57.781546 1.835187
-56.882132 1.895601
-55.558690 1.984498
-54.826306 2.033693
-53.335809 2.133812
-52.603425 2.183007
-51.909599 2.229612
-51.112953 2.283123
-50.496216 2.324550
-49.661039 2.380650
-48.787304 2.439340
-48.132009 2.483356
-47.502420 2.525647
-46.577275 2.587790
-45.960538 2.629217
-45.163918 2.682726
-44.508598 2.726745
-43.789067 2.775077
-42.928184 2.832903
-42.272890 2.876920
-41.501974 2.928703
-40.718181 2.981351
-39.908709 3.035724
-39.189152 3.084058
-38.533857 3.128075
-37.724385 3.182448
-36.914912 3.236821
-36.118267 3.290332
-35.450120 3.335213
-34.769120 3.380956
-33.908263 3.438781
-32.443471 3.537172
-31.608293 3.593272
-30.991556 3.634699
-30.182083 3.689072
-29.462527 3.737406
-28.665907 3.790915
-27.946350 3.839249
-27.175435 3.891032
-26.404494 3.942817
-25.633553 3.994602
-24.875465 4.045524
-24.065992 4.099897
-23.372140 4.146503
-22.472726 4.206918
-21.740343 4.256113
-21.085048 4.300130
-20.352664 4.349325
-19.594576 4.400246
-18.836488 4.451168
-18.001310 4.507268
-17.294631 4.554736
-16.536543 4.605658
-15.945485 4.645360
-15.097455 4.702323
-14.300835 4.755833
-13.465658 4.811933
-12.681864 4.864581
-11.910924 4.916366
-11.140008 4.968149
-10.433304 5.015619
-9.700920 5.064814
-8.955684 5.114872
-8.210448 5.164931
-7.413828 5.218440
-6.707124 5.265910
-6.000445 5.313379
-5.255209 5.363437
-4.535653 5.411771
-3.777590 5.462690
-3.032354 5.512749
-2.274265 5.563670
-1.606118 5.608550
-0.873735 5.657745
0.012852 5.717298
0.706679 5.763904
1.374826 5.808784
2.042973 5.853664
3.045181 5.920983
3.790417 5.971042
4.574210 6.023690
5.319446 6.073748
6.681419 6.165233
7.452360 6.217018
8.159039 6.264487
9.032773 6.323176
10.446131 6.418113
11.255629 6.472488
12.065102 6.526861
12.694691 6.569151
13.606958 6.630429
14.352194 6.680487
15.123135 6.732272
15.855518 6.781467
16.819194 6.846198
17.410227 6.885899
18.206872 6.939410
19.042050 6.995510
19.774433 7.044705
20.429728 7.088722
21.277758 7.145685
21.945879 7.190563
22.806762 7.248390
23.577702 7.300175
24.310086 7.349370
24.991060 7.395111
25.787706 7.448623
26.507237 7.496955
27.303857 7.550465
28.036266 7.599661
28.820034 7.652308
29.501033 7.698051
30.207712 7.745520
31.042889 7.801619
31.788125 7.851678
32.597598 7.906051
33.329982 7.955246
34.100922 8.007031
35.013189 8.068309
36.285221 8.153752
36.979073 8.200359
37.711456 8.249554
38.572338 8.307380
39.253312 8.353122
40.101342 8.410085
40.782342 8.455829
41.463316 8.501571
42.311345 8.558534
43.030877 8.606865
43.840375 8.661240
44.508496 8.706119
45.510729 8.773440
46.885555 8.865788
47.579382 8.912393
48.324618 8.962452
49.211179 9.022003
50.688799 9.121256
51.459740 9.173041
52.115034 9.217058
52.924507 9.271431
53.772537 9.328394
54.427831 9.372411
55.237304 9.426784
56.072481 9.482884
56.676392 9.523449
57.601485 9.585589
58.205395 9.626154
59.785809 10.236748
60.453956 10.616683
61.263428 11.076982
62.034344 11.515355
62.676786 11.880673
63.473432 12.333677
64.270052 12.786667
65.002435 13.203130
65.734819 13.619592
66.480055 14.043363
67.238143 14.474442
67.944822 14.876288
68.882793 15.409655
70.309003 16.220655
70.990003 16.607898
70.026352 13.686456
69.268264 11.388205
68.574412 9.284696
67.816349 6.986522
67.173907 5.038868
66.364409 2.584761
65.683435 0.520293
64.989583 -0.031738
64.257199 -0.076247
63.679019 -0.111385
62.843842 -0.162141
62.008664 -0.212897
61.314813 -0.255065
60.556724 -0.301136
59.888603 -0.341740
58.989163 -0.396402
57.691452 -0.475268
56.946216 -0.520558
56.136718 -0.569754
55.352950 -0.617386
54.684803 -0.657991
53.926715 -0.704063
53.168652 -0.750133
52.320622 -0.801670
51.678180 -0.840713
50.855855 -0.890689
50.251944 -0.927390
49.506708 -0.972681
48.620147 -1.026560
47.926295 -1.068727
47.129675 -1.117140
46.371586 -1.163212
45.562114 -1.212406
44.932524 -1.250668
44.161583 -1.297521
43.403495 -1.343592
42.735373 -1.384196
41.835934 -1.438858
41.180639 -1.478682
40.499665 -1.520067
39.690192 -1.569261
38.829310 -1.621580
38.058369 -1.668432
37.403075 -1.708256
36.645012 -1.754326
35.861219 -1.801960
34.486393 -1.885512
33.741157 -1.930803
32.995921 -1.976093
32.224980 -2.022945
30.747360 -2.112745
29.950740 -2.161158
29.295446 -2.200982
28.498825 -2.249396
26.995501 -2.340757
26.301649 -2.382925
25.543561 -2.428996
24.772645 -2.475847
24.117351 -2.515672
23.295026 -2.565647
22.626879 -2.606252
21.830259 -2.654665
20.982229 -2.706203
20.365466 -2.743685
19.645935 -2.787414
18.836462 -2.836608
18.014137 -2.886583
17.076166 -2.943586
15.778429 -3.022454
15.007488 -3.069306
14.249400 -3.115378
13.452780 -3.163791
12.681839 -3.210643
11.910924 -3.257494
11.255629 -3.297319
10.407599 -3.348856
9.636658 -3.395709
8.891422 -3.440999
8.146186 -3.486289
7.336714 -3.535484
6.398743 -3.592487
5.229479 -3.663547
4.368622 -3.715864
3.661918 -3.758812
2.711120 -3.816595
2.004416 -3.859544
1.413383 -3.895463
0.565353 -3.947000
-0.925119 -4.037581
-1.721764 -4.085996
-2.454148 -4.130505
-3.096590 -4.169548
-4.060266 -4.228114
-4.741240 -4.269499
-5.486476 -4.314789
-6.218860 -4.359298
-7.812126 -4.456126
-8.467420 -4.495950
-9.212656 -4.541241
-9.880803 -4.581846
-10.536098 -4.621670
-11.448364 -4.677112
-12.180748 -4.721621
-13.028778 -4.773158
-13.709777 -4.814545
-14.416456 -4.857492
-15.251633 -4.908248
-16.112515 -4.960567
-16.780662 -5.001172
-18.296839 -5.093315
-19.054928 -5.139386
-19.735902 -5.180771
-20.545400 -5.229967
-21.290636 -5.275257
-22.048724 -5.321329
-22.819639 -5.368180
-23.603433 -5.415813
-24.322964 -5.459542
-25.183846 -5.511860
-25.890525 -5.554807
-26.635761 -5.600098
-27.445259 -5.649293
-28.190495 -5.694584
-28.820085 -5.732846
-29.745203 -5.789068
-30.439055 -5.831236
-31.171439 -5.875745
-32.058000 -5.929624
-32.674763 -5.967107
-33.535645 -6.019425
-34.255177 -6.063153
-34.871914 -6.100634
-35.771353 -6.155296
-36.490885 -6.199024
-37.223268 -6.243534
-38.032766 -6.292729
-38.765150 -6.337239
-39.536091 -6.384091
-40.268474 -6.428600
-41.000858 -6.473110
-41.797478 -6.521523
-42.619828 -6.571500
-43.390744 -6.618350
-43.981802 -6.654271
-44.727038 -6.699561
-45.613625 -6.753442
-46.230362 -6.790923
-46.975598 -6.836213
-47.695155 -6.879943
-48.466070 -6.926794
-49.069981 -6.963496
-49.776659 -7.006443
-50.714631 -7.063446
-51.421335 -7.106395
-52.166571 -7.151685
-52.834718 -7.192290
-53.682748 -7.243828
-54.440836 -7.289899
-55.121810 -7.331284
-55.957013 -7.382042
-56.676544 -7.425770
-57.447485 -7.472623
-58.205573 -7.518694
-58.963662 -7.564766
-59.670340 -7.607713
-60.299930 -7.645975
-61.147960 -7.697512
-61.906048 -7.743584
-62.625605 -7.787313
-63.383693 -7.833385
-64.141756 -7.879455
-64.822756 -7.920841
-65.606549 -7.968475
-66.300401 -8.010642
-67.251199 -8.340624
-67.880814 -8.669006
-68.626050 -9.057691
-69.332729 -9.426267
-70.232168 -9.895379
-71.067346 -10.330974
-71.735493 -10.679453
-71.041641 -8.627763
-69.975197 -5.474332
-68.793081 -1.978866
-68.034992 0.005849
-67.353993 0.050668
-66.403169 0.113247
-65.054048 0.202039
-64.373049 0.246859
-62.869724 0.345799
-62.085931 0.397385
-61.327843 0.447278
-60.672548 0.490406
-59.734577 0.552138
-59.040751 0.597802
-58.398308 0.640085
-57.524574 0.697589
-56.869279 0.740717
-56.111191 0.790611
-55.288866 0.844732
-54.633571 0.887860
-53.978277 0.930988
-53.168779 0.984265
-52.359306 1.037540
-51.588365 1.088279
-50.868834 1.135635
-50.085041 1.187220
-49.416894 1.231194
-48.620274 1.283624
-47.887865 1.331827
-47.194038 1.377491
-46.435950 1.427384
-45.780655 1.470512
-44.958330 1.524633
-44.213094 1.573681
-43.622036 1.612581
-42.761154 1.669240
-42.093007 1.713214
-41.322066 1.763953
-40.564003 1.813845
-39.831594 1.862048
-38.855091 1.926317
-37.557354 2.011727
-36.773561 2.063312
-36.092562 2.108132
-35.283089 2.161407
-34.537853 2.210455
-33.766912 2.261194
-32.995972 2.311933
-32.366382 2.353369
-31.569762 2.405799
-30.798821 2.456538
-29.963643 2.511505
-29.359733 2.551251
-28.486024 2.608754
-27.727935 2.658648
-27.046936 2.703467
-26.288848 2.753361
-25.492227 2.805790
-24.605640 2.864141
-23.988903 2.904731
-23.166578 2.958852
-22.459874 3.005364
-21.676106 3.056947
-20.969402 3.103459
-20.301255 3.147433
-19.478930 3.201554
-18.618048 3.258213
-17.924221 3.303877
-17.127576 3.356308
-16.395192 3.404509
-15.637104 3.454403
-14.968957 3.498377
-13.979601 3.563491
-12.669012 3.649747
-11.820982 3.705560
-11.088599 3.753761
-10.304831 3.805345
-9.585274 3.852702
-8.840038 3.901750
-8.210448 3.943186
-7.413828 3.995615
-6.565798 4.051428
-5.884799 4.096248
-5.203800 4.141068
-4.214444 4.206182
-3.559150 4.249310
-2.865298 4.294976
-2.107235 4.344868
-1.336294 4.395607
-0.539648 4.448038
0.154178 4.493702
0.873709 4.541058
1.606093 4.589259
2.377034 4.639999
3.880358 4.738940
4.638446 4.788833
5.293741 4.831961
6.128918 4.886928
6.732803 4.926673
7.542301 4.979949
8.454568 5.039990
9.097010 5.082272
9.996424 5.141467
10.651719 5.184595
11.409807 5.234488
12.180748 5.285228
12.913131 5.333429
13.722604 5.386705
14.429283 5.433214
15.328722 5.492411
16.061106 5.540612
16.703548 5.582895
17.718608 5.649701
18.386755 5.693674
19.119139 5.741876
19.941464 5.795997
20.532522 5.834898
21.547582 5.901704
22.215704 5.945676
22.845319 5.987114
23.667644 6.041235
24.502821 6.096202
25.222352 6.143558
25.954736 6.191759
26.699972 6.240807
27.470913 6.291546
28.293238 6.345667
28.999917 6.392177
29.770857 6.442916
30.477536 6.489426
31.184240 6.535938
32.045097 6.592595
32.803186 6.642488
33.509864 6.688998
34.267953 6.738892
34.987484 6.786247
35.681336 6.831913
36.580750 6.891108
37.236044 6.934236
37.929896 6.979901
38.855015 7.040788
39.484605 7.082224
40.281225 7.134654
41.052166 7.185393
41.720313 7.229367
42.748200 7.297017
43.994553 7.379045
44.791173 7.431475
45.677760 7.489825
46.358734 7.534643
47.014028 7.577771
47.836353 7.631892
48.645851 7.685169
50.123471 7.782419
50.791593 7.826391
51.691032 7.885587
52.320622 7.927024
53.271420 7.989600
53.926715 8.032728
54.646271 8.080086
55.404334 8.129977
56.085334 8.174797
57.023305 8.236529
57.704279 8.281348
58.436662 8.329549
59.156219 8.376907
59.965692 8.430182
60.595281 8.471618
61.417606 8.525739
62.214227 8.642554
62.843842 8.994682
63.820345 9.540817
64.398550 9.864193
65.118082 10.266610
65.940407 10.726516
66.544292 11.064255
67.482263 11.588839
68.124705 11.948142
69.024119 12.451163
69.666561 12.810465
70.578853 13.320688
71.157033 13.644050
70.180530 10.683644
69.191175 7.684275
67.854881 3.633112
67.161054 1.529680
66.467203 -0.011091
65.580641 -0.063042
64.963904 -0.099181
64.270052 -0.139839
63.511963 -0.184261
62.805285 -0.225670
62.098606 -0.267080
61.327665 -0.312255
60.505340 -0.360441
59.837193 -0.399593
58.847838 -0.457566
57.614337 -0.529846
56.830570 -0.575773
55.237304 -0.669134
54.620566 -0.705274
53.836773 -0.751202
53.040153 -0.797882
51.588238 -0.882960
50.753061 -0.931900
50.007825 -0.975568
49.301121 -1.016980
48.491648 -1.064413
47.849206 -1.102058
47.014028 -1.150997
46.243113 -1.196171
45.626350 -1.232312
44.624142 -1.291038
44.045937 -1.324920
43.287874 -1.369340
42.594022 -1.409998
41.861638 -1.452914
41.013609 -1.502606
40.332635 -1.542510
39.548841 -1.588438
38.957783 -1.623072
38.045517 -1.676529
37.313133 -1.719445
36.683544 -1.756337
35.771277 -1.809793
35.128835 -1.847439
34.139480 -1.905413
32.944537 -1.975433
32.083654 -2.025879
31.402655 -2.065784
30.451831 -2.121499
29.192652 -2.195284
28.383179 -2.242717
27.689327 -2.283375
26.867002 -2.331561
26.108914 -2.375983
25.376530 -2.418899
24.695556 -2.458802
23.796117 -2.511507
23.140822 -2.549906
22.524085 -2.586045
21.688908 -2.634984
20.995081 -2.675641
20.236993 -2.720063
19.299022 -2.775025
18.656579 -2.812671
17.988432 -2.851822
17.127550 -2.902268
16.420871 -2.943677
15.624251 -2.990357
14.891842 -3.033275
14.133779 -3.077695
13.362838 -3.122870
12.591898 -3.168045
11.885219 -3.209455
11.101426 -3.255383
10.381894 -3.297546
9.508160 -3.348745
8.852865 -3.387143
8.056245 -3.433823
7.375246 -3.473728
6.398743 -3.530948
5.782005 -3.567088
5.139538 -3.604735
4.342917 -3.651414
3.597681 -3.695083
2.659710 -3.750046
1.965884 -3.790702
1.323442 -3.828348
0.501091 -3.876536
-0.128499 -3.913428
-1.079322 -3.969144
-1.824558 -4.012813
-2.505532 -4.052716
-3.225089 -4.094880
-4.060266 -4.143819
-4.728388 -4.182970
-5.537886 -4.230404
-6.244565 -4.271814
-6.912712 -4.310965
-7.979156 -4.373456
-9.289745 -4.450253
-9.983597 -4.490911
-10.870159 -4.542862
-11.615395 -4.586530
-12.322099 -4.627941
-13.182981 -4.678387
-14.532102 -4.757442
-15.315895 -4.803370
-16.035426 -4.845533
-16.883456 -4.895225
-17.564456 -4.935130
-18.463870 -4.987833
-19.209106 -5.031502
-19.851548 -5.069148
-20.583931 -5.112064
-21.277783 -5.152722
-22.241459 -5.209190
-22.883901 -5.246836
-23.706226 -5.295022
-24.438610 -5.337938
-25.209551 -5.383113
-25.967639 -5.427535
-26.777112 -5.474968
-27.496643 -5.517131
-28.306141 -5.564565
-29.102761 -5.611245
-29.758056 -5.649644
-30.567528 -5.697077
-31.325617 -5.741499
-32.045173 -5.783663
-32.726147 -5.823566
-33.561325 -5.872505
-34.280881 -5.914670
-34.987560 -5.956079
-35.912679 -6.010289
-36.632236 -6.052453
-37.364619 -6.095369
-38.174092 -6.142802
-38.906475 -6.185717
-39.536091 -6.222611
-40.396947 -6.273055
-41.142183 -6.316724
-41.925977 -6.362652
-42.581271 -6.401051
-43.313655 -6.443967
-44.084596 -6.489142
-44.829832 -6.532811
-45.613625 -6.578739
-46.268919 -6.617138
-47.206891 -6.672100
-48.504627 -6.748144
-49.365510 -6.798590
-50.033657 -6.837742
-50.778893 -6.881411
-51.549808 -6.926584
-52.269365 -6.968748
-52.988896 -7.010911
-53.914015 -7.065121
-54.556457 -7.102766
-55.327398 -7.147941
-56.059781 -7.190857
-56.702249 -7.228504
-57.588810 -7.280454
-58.282662 -7.321112
-59.002193 -7.363275
-59.798839 -7.409956
-60.454134 -7.448355
-61.173665 -7.490517
-61.970310 -7.537199
-62.728373 -7.581619
-63.409373 -7.621524
-64.462990 -7.683263
-65.760727 -7.759307
-66.416022 -7.797706
-67.302609 -8.049300
-68.150638 -8.478473
-69.448375 -9.135235
-70.283553 -9.557904
-71.748345 -10.299210
-70.848906 -7.639649
-69.564021 -3.840362
-68.767376 -1.484753
-68.124934 0.008181
-67.405402 0.050132
-66.570225 0.098826
-65.850668 0.140779
-65.105432 0.184228
-64.450138 0.222434
-62.959666 0.309334
-62.163020 0.355782
-61.327843 0.404475
-60.595459 0.447176
-59.837371 0.491375
-59.066430 0.536324
-58.398308 0.575278
-57.614515 0.620976
-56.907811 0.662179
-56.059781 0.711622
-55.340250 0.753574
-54.684955 0.791780
-53.914015 0.836728
-53.297277 0.872686
-52.397838 0.925127
-51.626922 0.970074
-50.907366 1.012027
-50.264924 1.049483
-49.352657 1.102672
-48.645953 1.143875
-47.952127 1.184328
-47.206891 1.227778
-46.346008 1.277970
-45.048272 1.353633
-44.225947 1.401577
-43.557800 1.440533
-42.825391 1.483235
-42.080155 1.526685
-41.322066 1.570884
-40.525446 1.617330
-39.805915 1.659281
-39.086358 1.701234
-38.315443 1.746181
-37.518797 1.792628
-36.722177 1.839074
-36.131119 1.873535
-35.231705 1.925974
-34.602090 1.962683
-33.715528 2.014372
-32.983145 2.057073
-32.404939 2.090784
-31.479820 2.144722
-30.798821 2.184427
-30.027880 2.229376
-29.231260 2.275821
-28.653054 2.309533
-27.727935 2.363471
-26.892758 2.412164
-26.224611 2.451120
-25.453670 2.496068
-24.849785 2.531277
-23.963198 2.582968
-23.140873 2.630913
-22.459874 2.670617
-21.714638 2.714067
-20.828076 2.765757
-20.237018 2.800218
-19.427546 2.847413
-18.630900 2.893860
-17.911369 2.935812
-17.114723 2.982259
-16.408044 3.023461
-15.624251 3.069159
-14.724837 3.121598
-13.375716 3.200256
-12.579071 3.246704
-11.808130 3.291652
-11.127156 3.331356
-10.317658 3.378552
-9.610979 3.419754
-8.788654 3.467699
-8.120507 3.506654
-7.362419 3.550853
-6.591478 3.595802
-5.820562 3.640749
-5.101006 3.682702
-4.407179 3.723154
-3.584854 3.771099
-2.826766 3.815298
-2.145767 3.855003
-1.310589 3.903697
-0.642442 3.942652
0.102794 3.986102
0.925119 4.034046
1.541856 4.070004
2.428443 4.121696
3.045181 4.157654
4.047388 4.216086
4.728388 4.255791
5.357978 4.292498
6.090361 4.335199
6.874154 4.380896
7.683627 4.428092
8.467420 4.473790
9.199804 4.516490
10.883011 4.614627
12.193575 4.691038
13.041605 4.740481
13.722604 4.780186
14.532077 4.827381
15.315870 4.873079
16.112490 4.919525
16.870578 4.963724
17.744313 5.014666
18.412435 5.053620
19.196228 5.099318
20.018553 5.147262
21.611819 5.240155
22.267113 5.278361
23.025202 5.322560
23.796117 5.367508
24.502821 5.408711
25.260910 5.452910
26.006120 5.496359
26.738529 5.539061
27.509445 5.584008
28.151887 5.621465
29.115563 5.677650
29.835094 5.719602
30.541773 5.760803
31.364123 5.808749
32.045097 5.848453
32.880275 5.897147
33.509864 5.933854
34.280805 5.978802
35.077425 6.025248
35.822661 6.068698
36.542218 6.110651
37.274602 6.153352
38.019838 6.196801
38.777901 6.240999
39.548841 6.285948
40.332635 6.331646
41.116402 6.377342
41.797402 6.417047
42.735373 6.471734
43.403495 6.510688
44.084494 6.550393
44.855435 6.595341
45.600671 6.638791
46.358734 6.682989
47.091117 6.725690
47.926295 6.774383
48.684383 6.818583
49.365383 6.858287
50.226239 6.908478
50.894386 6.947434
51.716711 6.995378
52.500505 7.041076
53.232888 7.083777
53.965272 7.126477
54.761892 7.172923
55.532833 7.217872
56.252364 7.259823
57.036157 7.305521
57.845630 7.352716
58.526604 7.392419
59.246160 7.434372
59.991396 7.477822
60.775164 7.523519
61.558957 7.569217
62.342725 7.614913
63.075109 7.880935
63.858902 8.277615
65.246555 8.979911
65.991791 9.357078
66.904057 9.818779
67.533672 10.137429
68.227499 10.488577
69.191175 10.976297
69.782207 11.275421
70.553148 11.665597
71.349768 12.068769
71.966506 12.380902
72.814536 12.810093
73.521240 13.167758
74.253623 13.538420
75.050244 13.941593
75.731243 14.286249
76.502158 14.676412
77.337336 15.099098
78.121129 15.495779
78.737866 15.807912
79.470250 16.178574
80.305427 16.601260
81.860136 17.388103
82.515431 17.719750
83.222109 18.077403
84.070139 18.506594
84.674024 18.812222
85.560611 19.260927
86.395763 19.683600
87.012526 19.995746
87.732057 20.359903
88.657176 20.828109
89.299618 21.153252
90.173327 21.595439
90.892859 21.959596
91.740888 22.388787
92.511829 12.427563
93.218508 12.559239
94.002301 12.705283
94.811774 12.856112
95.621246 13.006941
96.366482 13.145800
97.163103 13.294234
97.844102 13.421125
98.704959 13.581528
100.233988 13.866432
100.992051 14.007682
101.814376 14.160906
102.405434 14.271037
103.459026 14.467353
104.808172 14.718739
105.656177 14.876748
106.427118 15.020397
107.223738 15.168831
107.930442 15.300511
108.611416 15.427397
109.343800 15.563862
110.217534 15.726665
110.821419 15.839187
111.630892 15.990016
112.401833 16.133665
113.018570 16.248581
113.905132 16.413774
112.710189 12.794981
112.080599 10.888317
111.271126 8.436891
110.654389 6.569149
109.896300 4.273337
109.189622 2.133214
108.405828 -0.003655
107.789091 -0.032042
107.133796 -0.062205
106.311471 -0.100056
105.681882 -0.129036
104.705379 -0.173983
104.101468 -0.201781
103.369085 -0.235492
102.623874 -0.269793
101.737287 -0.310602
101.017756 -0.343722
100.336756 -0.375067
99.681487 -0.405229
98.756368 -0.447811
98.023985 -0.481523
97.330133 -0.513460
96.572070 -0.548353
95.929628 -0.577924
95.132982 -0.614593
94.272125 -0.654218
93.616831 -0.684380
92.781653 -0.722823
92.087802 -0.754760
91.406828 -0.786105
90.468856 -0.829279
89.864971 -0.857075
89.055473 -0.894336
88.284558 -0.929821
87.603559 -0.961166
86.845496 -0.996059
86.061702 -1.032137
85.277935 -1.068213
84.506994 -1.103699
83.530491 -1.148646
82.284138 -1.206015
81.526050 -1.240909
80.767987 -1.275802
79.881400 -1.316611
79.277515 -1.344408
78.519426 -1.379302
77.787043 -1.413013
77.183158 -1.440809
76.270891 -1.482800
75.487098 -1.518877
74.806124 -1.550222
74.048036 -1.585116
73.328505 -1.618236
72.583269 -1.652538
71.709534 -1.692756
71.067092 -1.722327
70.270472 -1.758995
69.332500 -1.802169
67.957675 -1.865451
67.173907 -1.901527
66.505760 -1.932281
65.619173 -1.973090
64.886789 -2.006801
64.167258 -2.039921
63.460579 -2.072449
62.522608 -2.115623
61.212019 -2.175948
60.364014 -2.214981
58.873542 -2.283586
58.205395 -2.314340
57.473012 -2.348051
56.637834 -2.386494
55.956835 -2.417840
55.198772 -2.452733
54.325037 -2.492950
53.669743 -2.523113
52.834565 -2.561555
52.076477 -2.596450
51.254152 -2.634301
50.586030 -2.665054
49.725148 -2.704679
49.082706 -2.734251
48.337470 -2.768553
47.489440 -2.807587
46.769909 -2.840707
45.934732 -2.879149
45.266585 -2.909904
44.521349 -2.944206
43.660492 -2.983831
42.953788 -3.016360
42.285641 -3.047114
41.386227 -3.088513
40.743784 -3.118084
39.908607 -3.156527
39.124839 -3.192603
38.430987 -3.224541
37.660072 -3.260025
36.863426 -3.296694
36.092486 -3.332180
35.372954 -3.365300
34.666276 -3.397827
33.908187 -3.432722
33.111567 -3.469389
32.379183 -3.503100
31.633947 -3.537403
30.747360 -3.578212
30.066386 -3.609557
29.398239 -3.640311
28.563062 -3.678753
27.920620 -3.708325
26.918412 -3.754455
26.327354 -3.781661
25.620675 -3.814189
24.824030 -3.850858
24.053114 -3.886343
23.282173 -3.921829
22.588322 -3.953766
21.843086 -3.988069
20.995081 -4.027102
20.249845 -4.061404
19.530289 -4.094525
18.797905 -4.128236
18.001285 -4.164904
17.230344 -4.200389
16.305225 -4.242972
15.688488 -4.271360
14.917547 -4.306846
14.172311 -4.341148
13.465632 -4.373676
12.566193 -4.415077
11.833809 -4.448788
11.088573 -4.483090
10.458983 -4.512070
9.662363 -4.548738
8.788629 -4.588955
8.081950 -4.621483
7.195363 -4.662292
6.540068 -4.692454
5.782005 -4.727347
5.062449 -4.760468
4.342917 -4.793587
3.482035 -4.833213
2.685415 -4.869881
1.978711 -4.902410
1.246327 -4.936121
0.411150 -4.974564
-0.334086 -5.008866
-1.914500 -5.081611
-2.621178 -5.114139
-3.302178 -5.145485
-4.034561 -5.179196
-4.651299 -5.207584
-5.602122 -5.251350
-6.347358 -5.285652
-7.079742 -5.319363
-7.799273 -5.352483
-8.557362 -5.387377
-9.302598 -5.421680
-10.034981 -5.455391
-10.767390 -5.489103
-11.525453 -5.523996
-12.412040 -5.564805
-13.144424 -5.598516
-13.953896 -5.635775
-14.699132 -5.670078
-15.444368 -5.704380
-16.189604 -5.738683
-16.896309 -5.771212
-17.654397 -5.806106
-18.335371 -5.837451
-19.247663 -5.879443
-19.915784 -5.910196
-20.802371 -5.951005
-21.444814 -5.980576
-22.125813 -6.011922
-23.050932 -6.054504
-23.719079 -6.085259
-24.528551 -6.122518
-25.273787 -6.156821
-26.121817 -6.195855
-26.879906 -6.230749
-27.612289 -6.264460
-28.383230 -6.299946
-29.154171 -6.335432
-29.835145 -6.366776
-30.670322 -6.405219
-31.402706 -6.438930
-32.199351 -6.475599
-32.906030 -6.508127
-33.831174 -6.550710
-34.435059 -6.578507
-35.206000 -6.613993
-35.899827 -6.645929
-36.670767 -6.681415
-37.403151 -6.715126
-38.264033 -6.754751
-38.983564 -6.787871
-39.677416 -6.819808
-40.538298 -6.859434
-41.193593 -6.889597
-42.093007 -6.930996
-42.774006 -6.962342
-43.429301 -6.992505
-44.380125 -7.036270
-45.716419 -7.097779
-46.577275 -7.137403
-47.939274 -7.200095
-48.735894 -7.236763
-49.493983 -7.271657
-50.997307 -7.340854
-51.665454 -7.371608
-52.423543 -7.406502
-53.258720 -7.444945
-53.952572 -7.476882
-54.710660 -7.511777
-55.494428 -7.547853
-56.149723 -7.578015
-56.972073 -7.615868
-57.794398 -7.653719
-58.372604 -7.680333
-59.246338 -7.720550
-59.953017 -7.753078
-60.878136 -8.010101
-61.520578 -8.275228
-62.227282 -8.566874
-62.959666 -8.869117
-63.781991 -9.208479
-64.475843 -9.494821
-65.413814 -9.881907
-66.775787 -10.443973
-67.456787 -10.725012
-68.291964 -11.069677
-68.998668 -11.361323
-69.808141 -11.695380
-70.540550 -11.997634
-71.272933 -12.299878
-72.403640 -12.766504
-73.637140 -13.275551
-74.356671 -13.572490
-74.986261 -13.832313
-76.039878 -14.267125
-77.389025 -14.823897
-78.224202 -15.168562
-78.840940 -15.423081
-79.714674 -15.783658
-80.447058 -16.085901
-81.179467 -16.388156
-81.873293 -16.674487
-82.695644 -17.013859
-83.402322 -17.305495
-84.044765 -17.570621
-84.944204 -17.941806
-86.524617 -18.594019
-87.141380 -18.848548
-87.886616 -19.156095
-88.554763 -19.431830
-89.454177 -19.803004
-90.173734 -20.099954
-90.880413 -20.391590
-91.702738 -20.730951
-92.460826 -21.043803
-93.141825 -21.324841
-94.028412 -21.690722
-94.773648 -21.998270
-95.531737 -22.311122
-96.328382 -22.639885
-97.022209 -22.926217
-97.806002 -22.695142
-98.628327 -21.734665
-99.347884 -20.894222
-100.003178 -20.128837
-100.915445 -19.063309
-101.776327 -18.057797
-102.367385 -17.367440
-103.215415 -16.376940
-103.986355 -15.476481
-104.744444 -14.591032
-105.502532 -13.705584
-106.299152 -13.331269
-106.954472 -13.331269
-107.789650 -13.331269
-108.637680 -13.331269
-109.344358 -13.331269
-110.141004 -13.331269
-111.567239 -13.331269
-112.389564 -13.331269
-113.199062 -13.331269
-113.880062 -13.331269
-114.753796 -13.331269
-113.635917 -10.028544
-113.032032 -8.244393
-112.325328 -6.156467
-111.605797 -4.030645
-110.860535 -1.828803
-110.076767 0.004915
-109.485709 0.022548
-108.534886 0.050913
-107.725388 0.075061
-107.031561 0.095760
-106.324857 0.116842
-105.631031 0.137540
-104.860090 0.160539
-104.089149 0.183537
-103.331061 0.206152
-102.534415 0.229918
-101.853416 0.250233
-101.056796 0.273998
-100.414328 0.293164
-99.617708 0.316929
-99.039502 0.334178
-98.062974 0.363309
-97.304885 0.385924
-96.611059 0.406622
-95.814413 0.430388
-95.133414 0.450703
-94.336794 0.474468
-93.540148 0.498233
-92.782060 0.520849
-92.178149 0.538864
-91.317293 0.564545
-90.533499 0.587927
-89.813943 0.609393
-88.991618 0.633925
-88.310618 0.654240
-87.308411 0.684138
-86.113468 0.719785
-85.419616 0.740484
-84.687232 0.762332
-83.762088 0.789931
-83.106793 0.809480
-82.361557 0.831712
-81.693410 0.851644
-80.883938 0.875792
-79.997351 0.902240
-78.648230 0.942487
-78.018615 0.961270
-77.003554 0.991551
-76.322555 1.011866
-75.628729 1.032564
-74.844935 1.055946
-74.061142 1.079328
-73.341611 1.100793
-72.647759 1.121492
-71.928228 1.142957
-71.003109 1.170555
-69.589726 1.212719
-68.805933 1.236101
-68.086402 1.257566
-67.418255 1.277498
-66.441726 1.306630
-65.670786 1.329628
-65.054048 1.348027
-64.321665 1.369875
-63.435078 1.396324
-62.664137 1.419322
-61.970310 1.440020
-61.045166 1.467619
-60.402724 1.486784
-59.798839 1.504799
-58.822311 1.533931
-58.231253 1.551563
-57.383223 1.576862
-56.663692 1.598327
-55.700016 1.627075
-55.121810 1.644324
-54.325190 1.668089
-53.554249 1.691087
-52.025220 1.736701
-51.408482 1.755099
-50.637542 1.778098
-49.892306 1.800330
-49.108512 1.823712
-48.337597 1.846710
-47.553804 1.870092
-46.847125 1.891173
-46.089037 1.913788
-45.446569 1.932954
-44.637096 1.957102
-43.737682 1.983934
-43.159477 2.001183
-42.350004 2.025331
-41.643300 2.046413
-40.833827 2.070561
-40.062887 2.093560
-39.356182 2.114642
-38.700888 2.134191
-37.878563 2.158722
-37.043385 2.183637
-36.233913 2.207785
-35.552913 2.228100
-34.743441 2.252249
-34.023884 2.273714
-33.252969 2.296712
-32.597674 2.316261
-31.826733 2.339259
-30.811673 2.369540
-30.233468 2.386789
-29.462527 2.409788
-28.704438 2.432403
-28.023464 2.452718
-27.124025 2.479550
-26.314552 2.503698
-25.569316 2.525930
-24.811228 2.548545
-23.924666 2.574993
-22.588372 2.614857
-21.791727 2.638622
-21.136432 2.658171
-20.057135 2.690368
-18.772251 2.728699
-17.975605 2.752464
-17.294631 2.772779
-16.485133 2.796928
-15.637104 2.822226
-14.956130 2.842541
-14.223721 2.864390
-13.285775 2.892371
-12.669012 2.910770
-11.833835 2.935685
-11.152835 2.956000
-10.446156 2.977082
-9.688068 2.999697
-8.891448 3.023461
-8.056270 3.048376
-7.349566 3.069459
-6.655740 3.090157
-5.846242 3.114306
-5.126711 3.135771
-4.407179 3.157236
-3.584854 3.181767
-2.826766 3.204382
-2.132914 3.225081
-1.387678 3.247313
-0.565353 3.271844
0.051384 3.290243
0.848030 3.314008
1.683207 3.338923
2.377034 3.359621
3.135122 3.382236
3.944595 3.406384
4.728388 3.429767
5.422214 3.450465
6.180303 3.473080
6.925539 3.495312
7.670775 3.517543
8.544509 3.543608
9.225483 3.563923
10.009276 3.587305
10.664571 3.606854
11.461191 3.630619
12.309221 3.655917
13.015925 3.676999
13.851103 3.701914
14.519224 3.721845
15.431516 3.749061
16.202431 3.772059
16.921988 3.793524
16.048253 1.147486
