0.24620691640442854
0.21360723050651353
0.2049171692322898
0.2049171692322898
0.2049171692322898
0.2049171692322898
0.2049171692322898
0.18235669638220278
0.18235669638220278
0.17023654488475828
0.17023654488475828
0.16903908637175835
0.16487483211970816
0.16487483211970816
0.15082117168537781
0.14709752639408213
0.14709752639408213
0.14709752639408213
0.14709752639408213
0.14709752639408213
0.14097959896754692
0.14097959896754692
0.14097959896754692
0.14097959896754692
0.14097959896754692
0.14097959896754692
0.14097959896754692
0.14097959896754692
0.14097959896754692
0.14097959896754692
0.13253687903143177
0.13253687903143177
0.13253687903143177
0.13207073659658564
0.13207073659658564
0.13207073659658564
0.13207073659658564
0.13207073659658564
0.13207073659658564
0.13207073659658564
0.12702437259716454
0.12702437259716454
0.12702437259716454
0.12702437259716454
0.12702437259716454
0.12702437259716454
0.12702437259716454
0.12702437259716454
0.12702437259716454
0.12702437259716454
0.12702437259716454
0.12702437259716454
0.12702437259716454
0.12702437259716454
0.1221691140594531
0.1221691140594531
0.1221691140594531
0.1221691140594531
0.1221691140594531
0.1221691140594531
0.1221691140594531
0.1221691140594531
0.1221691140594531
0.1221691140594531
0.1221691140594531
0.1221691140594531
0.1221691140594531
0.1221691140594531
0.12179209153360973
0.12179209153360973
0.12179209153360973
0.12179209153360973
0.12179209153360973
0.12179209153360973
0.11605961642975432
0.11605961642975432
0.11605961642975432
0.11605961642975432
0.11605961642975432
0.11605961642975432
0.11605961642975432
0.11605961642975432
0.11605961642975432
0.11605961642975432
0.11605961642975432
0.11605961642975432
0.11605961642975432
0.11605961642975432
0.11605961642975432
0.11605961642975432
0.11605961642975432
0.11605961642975432
0.11267369517116177
0.11267369517116177
0.11267369517116177
0.11267369517116177
0.11267369517116177
0.11267369517116177
0.11267369517116177
0.11267369517116177
0.09508922217895033
