0.26489188571007016
0.2498543532044529
0.2498543532044529
0.21543627719035907
0.21543627719035907
0.21543627719035907
0.2150872677413225
0.20900334226775408
0.18769321665604755
0.18769321665604755
0.18769321665604755
0.1580185565123743
0.1580185565123743
0.1568029800495792
0.1568029800495792
0.1568029800495792
0.15586329677789668
0.15586329677789668
0.15586329677789668
0.15586329677789668
0.15586329677789668
0.15586329677789668
0.1525644839114247
0.1525644839114247
0.1525644839114247
0.1525644839114247
0.1525644839114247
0.1525644839114247
0.1525644839114247
0.1525644839114247
0.1525644839114247
0.14995957360031886
0.14995957360031886
0.14995957360031886
0.14995957360031886
0.14811277929857578
0.1460145700126793
0.1460145700126793
0.1460145700126793
0.1460145700126793
0.1460145700126793
0.1460145700126793
0.14141290696199924
0.14141290696199924
0.14141290696199924
0.14141290696199924
0.14141290696199924
0.14141290696199924
0.14141290696199924
0.14078665609150204
0.14078665609150204
0.12509938373524412
0.12509938373524412
0.12509938373524412
0.12509938373524412
0.12509938373524412
0.12509938373524412
0.12509938373524412
0.12509938373524412
0.12509938373524412
0.12509938373524412
0.12509938373524412
0.12509938373524412
0.12509938373524412
0.12509938373524412
0.12509938373524412
0.12509938373524412
0.12509938373524412
0.12509938373524412
0.12509938373524412
0.12509938373524412
0.11194163173244442
0.11194163173244442
0.11194163173244442
0.11194163173244442
0.11194163173244442
0.11194163173244442
0.11194163173244442
0.11194163173244442
0.11194163173244442
0.11194163173244442
0.11194163173244442
0.11194163173244442
0.11194163173244442
0.11194163173244442
0.11194163173244442
0.11194163173244442
0.11194163173244442
0.11194163173244442
0.11179492949588579
0.11179492949588579
0.11179492949588579
0.11179492949588579
0.11179492949588579
0.11179492949588579
0.11179492949588579
0.11179492949588579
0.11179492949588579
0.11036400077580999
0.11036400077580999
0.09564736488698374
