# best objective after each generation, last line after the polish | 100 generations run of 100 (DE)
0.18403211873200329
0.18403211873200329
0.18403211873200329
0.18403211873200329
0.18403211873200329
0.18403211873200329
0.18403211873200329
0.18403211873200329
0.18403211873200329
0.18403211873200329
0.18403211873200329
0.18403211873200329
0.18403211873200329
0.18403211873200329
0.18403211873200329
0.18403211873200329
0.18403211873200329
0.18403211873200329
0.18403211873200329
0.18217543577809986
0.18217543577809986
0.18217543577809986
0.18217543577809986
0.18217543577809986
0.18217543577809986
0.18217543577809986
0.18217543577809986
0.18217543577809986
0.17720846928376044
0.16745532057130802
0.15863639699371151
0.15863639699371151
0.15863639699371151
0.15863639699371151
0.15863639699371151
0.15863639699371151
0.15863639699371151
0.15863639699371151
0.15863639699371151
0.15863639699371151
0.15863639699371151
0.15863639699371151
0.15863639699371151
0.15828613271984837
0.14476804305808344
0.14476804305808344
0.14476804305808344
0.14476804305808344
0.14476804305808344
0.14476804305808344
0.14476804305808344
0.13536838127272094
0.13536838127272094
0.13307380704713545
0.13307380704713545
0.13307380704713545
0.13307380704713545
0.12691832949902349
0.12341447384590622
0.12341447384590622
0.12341447384590622
0.12341447384590622
0.12100221316011472
0.11769592505252702
0.11769592505252702
0.11769592505252702
0.11769592505252702
0.11769592505252702
0.11769592505252702
0.11769592505252702
0.11769592505252702
0.11769592505252702
0.11769592505252702
0.11769592505252702
0.11769592505252702
0.11769592505252702
0.11769592505252702
0.11769592505252702
0.11769592505252702
0.11769592505252702
0.11678179666665106
0.11678179666665106
0.11678179666665106
0.11678179666665106
0.11678179666665106
0.11678179666665106
0.11678179666665106
0.11678179666665106
0.11678179666665106
0.11678179666665106
0.11678179666665106
0.11678179666665106
0.11678179666665106
0.11678179666665106
0.11678179666665106
0.11678179666665106
0.11678179666665106
0.11570640085330872
0.11570640085330872
0.11570640085330872
0.11106270259452933
