0.2458248088828405
0.2458248088828405
0.2194748252852569
0.2194748252852569
0.2194748252852569
0.21280975497590596
0.21145867297915905
0.21145867297915905
0.19940760623758685
0.19940760623758685
0.19940760623758685
0.19940760623758685
0.19940760623758685
0.19650499958885953
0.19650499958885953
0.19650499958885953
0.19650499958885953
0.19650499958885953
0.19650499958885953
0.18846769084919052
0.18846769084919052
0.18846769084919052
0.18846769084919052
0.18846769084919052
0.18846769084919052
0.18569453651759277
0.18264423455655315
0.16861701158502113
0.16861701158502113
0.16861701158502113
0.16861701158502113
0.16861701158502113
0.16861701158502113
0.16861701158502113
0.16861701158502113
0.16861701158502113
0.16861701158502113
0.16861701158502113
0.16861701158502113
0.16861701158502113
0.16861701158502113
0.16861701158502113
0.16861701158502113
0.16861701158502113
0.16861701158502113
0.16861701158502113
0.1672365244112867
0.1672365244112867
0.1672365244112867
0.1672365244112867
0.1672365244112867
0.1672365244112867
0.1672365244112867
0.1672365244112867
0.1655477809080121
0.15991497336695418
0.15991497336695418
0.15991497336695418
0.15991497336695418
0.15991497336695418
0.15991497336695418
0.15991497336695418
0.15991497336695418
0.1530112963753336
0.1530112963753336
0.1530112963753336
0.1530112963753336
0.1530112963753336
0.1530112963753336
0.1530112963753336
0.1530112963753336
0.1530112963753336
0.15190495942524687
0.15190495942524687
0.15190495942524687
0.15190495942524687
0.15190495942524687
0.15190495942524687
0.15190495942524687
0.15190495942524687
0.15190495942524687
0.15190495942524687
0.15190495942524687
0.15190495942524687
0.15190495942524687
0.15190495942524687
0.15190495942524687
0.15190495942524687
0.15190495942524687
0.15190495942524687
0.15190495942524687
0.15190495942524687
0.15190495942524687
0.14988451608612957
0.14988451608612957
0.14988451608612957
0.14988451608612957
0.14977006300830428
0.14977006300830428
0.1481190467132078
0.1338658298418573
