0.000000 0.000000
0.000000 -0.000000
0.642442 1.656439
1.323442 3.412292
0.308356 0.795049
-0.680999 -1.413168
-1.426235 -2.496026
-2.068678 -3.429520
-1.117854 -1.676816
-0.115646 0.171250
1.156386 2.516473
0.308356 0.330877
-0.796646 -1.832136
-0.115646 -0.553976
0.629590 0.844749
-0.244145 -1.211788
-1.246353 -2.638801
-0.565353 -1.361749
0.745236 1.095948
-0.321234 -1.346971
-1.323442 -2.772218
-0.616763 -1.447352
0.552501 0.744757
-0.205588 -1.102710
-1.349146 -2.735249
-0.642442 -1.412944
0.552501 0.822898
1.182091 2.000915
0.424002 0.047122
-0.192735 -1.284304
-0.835177 -2.192626
-0.089941 -0.784382
0.513944 0.356757
1.092149 1.449370
1.927327 3.027574
3.122270 5.285612
2.377034 3.364943
1.631798 1.444274
1.040765 -0.078972
-0.128499 -2.084496
-0.706704 -2.866757
-1.426235 -3.840219
-2.107235 -4.761551
-3.482061 -6.621568
-2.505532 -4.654247
-1.875942 -3.482588
-0.822325 -1.521819
0.321208 0.606282
0.950824 1.777989
2.132914 3.977845
1.400531 2.090300
0.680974 0.235813
-0.449707 -1.895928
-1.773149 -3.744104
-0.925119 -2.149589
0.218415 0.000549
0.860857 1.208507
1.554709 2.513127
0.693826 0.294408
-0.359766 -1.757044
-1.092175 -2.780523
-1.708912 -3.642362
-2.312797 -4.486240
-1.439088 -2.853347
-0.732384 -1.532573
0.244119 0.292433
0.899414 1.517126
2.184298 3.918472
1.323442 1.699818
0.693826 0.077134
0.038532 -1.316316
-1.156411 -2.976785
-1.773149 -3.833790
-1.015060 -2.405495
-0.244145 -0.953032
0.925119 1.249948
1.516151 2.363498
2.222856 3.694982
1.349121 1.443138
0.732384 -0.146356
0.102794 -1.397539
-1.130706 -3.097423
-1.721764 -3.911959
-2.299970 -4.708782
-1.426235 -3.066877
-0.424028 -1.183547
0.256972 0.096174
0.925119 1.351743
1.516151 2.462401
0.732384 0.442425
-0.501117 -1.929404
-1.117854 -2.792332
-1.747444 -3.673242
-2.338502 -4.500240
-1.451940 -2.844581
-0.424028 -0.924949
0.154178 0.154853
1.079297 1.882517
2.145767 3.874155
1.336269 1.787866
0.758088 0.297744
0.102794 -1.197692
-1.079322 -2.842671
-1.811706 -3.861823
-0.835177 -2.023821
0.462559 0.418753
1.798828 2.933851
2.492680 4.239805
3.173679 5.521568
3.880358 6.851664
3.006623 4.599821
2.338502 2.877896
1.143533 -0.201852
0.102794 -1.965428
-0.848030 -3.239397
-2.068678 -4.874892
-2.698267 -5.718453
-3.417824 -6.682557
-4.188739 -7.715474
-3.083738 -5.284004
-2.479853 -4.171045
-1.272057 -1.945080
-0.668147 -0.832074
0.706679 1.701728
1.940179 3.975067
2.672563 5.324849
1.773149 3.006823
1.027913 1.086154
-0.051410 -1.363003
-0.732384 -2.312898
-1.400531 -3.244901
-2.145767 -4.284436
-3.392119 -6.022982
-2.479853 -4.312273
-1.850238 -3.148220
-1.105002 -1.770403
-0.102794 0.082512
0.603885 1.389044
1.182091 2.458050
1.953031 3.883391
2.595474 5.071159
3.302152 6.377691
2.389886 4.026540
1.683207 2.205243
1.092149 0.681932
-0.231292 -1.908464
-1.387678 -3.498052
-2.171471 -4.575468
-3.263621 -6.076755
-2.467000 -4.560058
-1.888795 -3.484562
-1.130706 -2.074474
-0.115646 -0.186402
0.706679 1.343170
1.516151 2.848836
2.621178 4.904251
3.276473 6.123137
2.389886 3.838170
1.708887 2.083055
1.117854 0.559809
-0.167030 -1.916052
-1.413383 -3.621111
-2.081530 -4.535162
-2.723972 -5.414048
-3.327857 -6.240186
-2.415591 -4.473486
-1.837385 -3.397773
-0.616763 -1.126887
0.513944 0.976717
1.374826 2.578331
2.569769 4.801443
3.225063 6.020575
2.364181 3.801855
1.747444 2.212361
1.066444 0.457247
0.462559 -1.038912
-0.783793 -2.745268
-2.145767 -4.609918
-2.775356 -5.471877
-1.773149 -3.593875
-0.629590 -1.451000
0.038532 -0.199031
0.783768 1.197441
1.940179 3.364399
2.608326 4.616417
3.186506 5.699848
2.402738 3.679873
1.708887 1.891634
0.321208 -1.347896
-0.796646 -2.869763
-1.426235 -3.726897
-2.017293 -4.531574
-2.813914 -5.616107
-1.811706 -3.735165
-1.182116 -2.553552
-0.025705 -0.383201
0.680974 0.943092
1.978711 3.378682
2.595474 4.536222
1.773149 2.416874
1.079297 0.628636
-0.025705 -1.636276
-0.745236 -2.624847
-1.413383 -3.542821
-2.107235 -4.496110
-2.762529 -5.396426
-3.366414 -6.226110
-2.325649 -4.226337
-1.259205 -2.245828
-0.578206 -0.981134
0.693826 1.381175
1.310589 2.526574
1.940179 3.695794
2.595474 4.912751
3.353562 6.320608
4.021684 7.561386
4.779772 8.969243
5.370830 10.066906
6.051829 11.331600
6.848450 12.811014
8.069097 15.077897
8.685835 16.223249
9.418218 17.583369
9.996424 18.657163
9.302598 16.868990
7.863510 13.160083
7.272477 11.636837
6.642862 10.014153
6.064682 8.524031
5.229479 6.371494
4.060241 3.358059
3.379241 1.602945
2.030120 -1.398243
1.451915 -2.103511
0.770915 -2.934161
0.025679 -3.843165
-0.745236 -4.783491
-1.323442 -5.488758
-2.068678 -6.397762
-2.749677 -7.228412
-3.392119 -8.012032
-4.381475 -9.218801
-5.653507 -10.770365
-6.964096 -12.368959
-7.683652 -13.246640
-8.261833 -13.951876
-9.019921 -14.876556
-9.700920 -15.707207
-8.852891 -13.706119
-8.159064 -12.068903
-7.478065 -10.461955
-6.809918 -8.885335
-6.141771 -7.308714
-5.550738 -5.914060
-4.818329 -4.668775
-4.201592 -3.620705
-3.494913 -2.419791
-2.171471 -0.170764
-1.503324 0.964670
-0.899439 1.990899
-0.077089 3.388383
0.591033 4.523774
1.361973 5.833894
2.595474 7.930077
3.366414 9.240196
4.034536 10.375587
4.766920 11.620184
5.435067 12.755618
6.167450 14.000214
6.745656 14.982804
7.375246 16.052715
6.578625 13.999615
5.987567 12.476304
5.268036 10.621883
4.689831 9.131695
3.944595 7.211026
3.263621 5.455977
1.940179 2.045120
1.336269 0.488685
0.758088 -0.986748
-0.038557 -2.059313
-0.848030 -3.149147
-2.171471 -4.930964
-2.813914 -5.795916
-3.533445 -6.764658
-4.265828 -7.750703
-4.985385 -8.719479
-5.640680 -9.601735
-6.360211 -10.570477
-7.529449 -12.144682
-6.642887 -10.052670
-5.306593 -6.899430
-4.047414 -4.447705
-3.327857 -3.194501
-2.158619 -1.158117
-1.529029 -0.061602
-0.809498 1.191558
-0.012852 2.579022
0.809473 4.011211
1.978711 6.047596
2.723947 7.345524
3.379241 8.486807
4.201592 9.919040
4.844034 11.037939
5.525008 12.223946
6.180303 13.365229
6.861302 14.551281
6.154623 12.729984
5.216652 10.312585
4.021684 7.232838
3.430651 5.709592
2.518385 3.358441
1.374826 0.411190
0.693826 -1.164803
0.115646 -1.939809
-0.783793 -3.145439
-1.400531 -3.972128
-2.055825 -4.850500
-2.891003 -5.969991
-3.494913 -6.779487
-4.291533 -7.847295
-5.023917 -8.828999
-5.640680 -9.655722
-6.308801 -10.551287
-7.131152 -11.653585
-5.974740 -8.924812
-5.332298 -7.408847
-4.677004 -5.875180
-4.085946 -4.838364
-2.775356 -2.539369
-2.184324 -1.502597
-1.529029 -0.353100
-0.616763 1.247170
-0.038557 2.261441
0.693826 3.546165
1.297737 4.605527
2.081505 5.980388
2.775356 7.197521
3.482035 8.437156
4.124477 9.564108
4.895418 10.916469
5.537860 12.043421
6.899859 14.432598
5.923331 11.915827
5.229479 10.127589
4.612742 8.538095
4.008857 6.981724
3.392094 5.392165
2.544064 3.206569
1.361973 0.160011
0.539648 -1.482100
-0.680999 -3.109452
-1.464767 -4.154360
-2.171471 -5.096529
-2.865298 -6.021528
-3.469208 -6.826654
-4.278681 -7.905831
-4.985385 -8.848000
-5.627827 -9.704495
-6.308801 -10.612360
-6.989801 -11.520260
-7.568006 -12.291115
-6.655740 -10.138449
-6.038977 -8.683079
-5.422240 -7.227770
-4.677004 -5.584858
-3.404972 -3.367487
-2.698267 -2.135579
-1.606118 -0.231774
-0.758088 1.246488
-0.089941 2.411184
0.629590 3.665451
1.233475 4.718127
1.978711 6.017202
2.569769 7.047519
3.327857 8.368998
4.060241 9.645669
4.754093 10.855173
5.435067 12.042228
6.077509 13.162116
6.745656 14.326811
7.452360 15.558719
8.043393 16.588991
8.737244 17.798495
9.392539 18.940786
10.073513 20.127842
10.805897 21.404513
11.409807 22.457233
12.270689 23.957900
12.874574 25.010576
13.568426 26.220079
14.275105 27.451942
14.853310 28.459855
15.624251 29.803738
14.660575 27.320092
13.529869 24.405964
12.797485 22.518419
12.206427 20.995107
11.563985 19.339365
10.330510 16.160376
9.533865 14.107211
8.313217 10.961281
7.567981 9.040612
6.964096 7.484242
6.244565 5.629821
5.627802 4.040261
4.895418 2.152716
4.252976 0.496974
3.546297 -1.126220
2.903855 -1.854449
2.171446 -2.684658
1.580413 -3.354613
0.835177 -4.199362
0.089941 -5.044112
-0.732384 -5.976244
-1.374826 -6.704473
-2.274265 -7.724017
-3.507765 -9.122229
-4.304386 -10.025224
-4.985385 -10.797159
-5.704916 -11.612771
-6.398743 -12.399246
-6.976948 -13.054661
-7.632243 -13.797458
-8.390331 -14.656776
-9.109862 -15.472388
-9.700920 -16.142372
-10.420452 -16.957984
-11.140008 -17.773624
-12.424893 -19.230083
-13.157276 -20.060263
-13.838276 -20.832198
-14.506397 -21.589536
-15.161692 -22.839494
-15.752750 -24.234208
-14.943277 -22.324103
-14.300835 -20.808138
-13.208660 -18.230944
-12.476277 -16.502745
-11.795303 -14.895857
-11.088599 -13.228253
-10.471861 -11.772944
-9.829419 -10.256979
-8.300390 -6.648943
-7.722184 -5.497131
-7.066890 -4.474921
-6.385916 -3.412652
-5.730621 -2.390441
-5.049622 -1.328133
-4.394327 -0.305922
-3.713328 0.756386
-2.891003 2.039152
-1.580413 4.083573
-0.783793 5.326241
-0.077089 6.428647
0.706679 7.651266
2.004416 9.675639
2.711120 10.778045
3.392094 11.840313
4.342917 13.323527
5.512156 15.147451
6.270244 16.330013
6.951243 17.392321
8.313217 19.516898
9.019921 20.619304
9.649511 21.601417
10.998632 23.705945
11.602542 24.648000
10.793070 22.561776
10.047834 20.641108
8.775776 17.362681
8.146186 15.740063
7.503744 14.084321
6.822745 12.329206
6.141771 10.574157
5.512156 8.951474
4.908271 7.395103
4.034536 5.143260
2.788209 1.931147
2.094357 0.142909
1.400531 -1.303920
0.758088 -2.121844
0.025679 -3.054309
-0.680999 -3.954016
-1.490472 -4.984594
-2.094382 -5.753462
-2.852471 -6.718620
-3.623386 -7.700110
-4.317238 -8.583486
-5.036769 -9.499556
-5.640680 -10.268423
-6.463005 -11.315364
-7.169683 -12.215071
-7.863535 -13.098447
-8.505977 -13.916371
-9.199804 -14.799715
-9.893656 -15.683091
-10.574655 -16.550104
-11.255629 -17.417085
-10.317658 -15.203763
-9.533890 -13.354313
-8.403184 -10.686195
-7.657948 -8.927669
-6.861327 -7.047891
-6.270269 -5.731035
-5.679211 -4.756271
-4.985385 -3.612023
-4.342943 -2.552518
-2.891003 -0.158000
-2.299970 0.816722
-1.606118 1.961012
-0.848030 3.211240
-0.205588 4.270746
0.655295 5.690499
1.310589 6.771201
1.914474 7.767119
2.723947 9.102089
3.315005 10.076853
4.137330 11.433019
4.779772 12.492525
5.589270 13.827537
6.874154 15.946548
7.529449 17.027250
8.236128 18.192694
8.865718 19.231004
9.559569 20.375294
10.266248 21.540738
10.960100 22.685028
10.047834 20.333877
8.878570 17.320378
8.146186 15.432833
7.439508 13.611536
6.771361 11.889546
6.180303 10.366234
5.460771 8.511813
4.779772 6.756699
4.201592 5.266576
3.366414 3.114105
2.723947 1.458297
2.120062 -0.098073
1.490472 -1.338509
0.732384 -2.296707
0.012852 -3.206170
-1.413383 -5.008884
-2.158619 -5.950837
-2.839618 -6.811597
-3.520592 -7.672325
-4.394327 -8.776696
-5.113858 -9.686160
-6.360211 -11.261507
-7.195388 -12.317144
-8.505977 -13.973684
-9.199804 -14.850657
-9.855098 -15.678928
-10.561803 -16.572178
-11.152835 -17.319223
-11.756746 -18.082546
-10.998657 -16.293692
-10.099243 -14.171353
-9.019921 -11.624486
-8.261833 -9.835632
-6.861327 -6.530872
-6.270269 -5.373885
-5.640680 -4.343607
-4.972533 -3.250233
-4.330090 -2.198923
-3.687648 -1.147614
-2.993796 -0.012176
-2.222856 1.249412
-1.593266 2.279690
-0.835177 3.520246
-0.167030 4.613620
0.591033 5.854135
1.259180 6.947509
1.978711 8.124969
2.685415 9.281439
3.379241 10.416835
4.175887 11.720487
4.766920 12.687669
5.357978 13.654892
6.180303 15.000567
6.758508 15.946758
7.516597 17.187314
8.133334 18.196560
9.007069 19.626363
10.227716 21.623864
10.870159 22.675174
10.099218 20.688257
9.508160 19.164945
8.775776 17.277400
8.133334 15.621658
7.478039 13.932791
6.848450 12.310173
6.116066 10.422628
5.512156 8.866192
4.779772 6.978647
3.636239 4.031461
2.659710 1.514691
1.439062 -1.296335
0.822325 -2.079953
0.141326 -2.945221
-0.745236 -4.071674
-1.413383 -4.920612
-2.132914 -5.834839
-2.775356 -6.651117
-3.584854 -7.679653
-4.253001 -8.528592
-4.946828 -9.410158
-5.679211 -10.340714
-6.347358 -11.189652
-7.079742 -12.120209
-7.812126 -13.050765
-8.454568 -13.867043
-9.186977 -14.797632
-10.561803 -16.544466
-11.743893 -18.046414
-10.870159 -15.984671
-10.176332 -14.347455
-9.007069 -11.588354
-8.171891 -9.617594
-7.580859 -8.222939
-6.938416 -6.706974
-6.231712 -5.306816
-5.602122 -4.276628
-4.882591 -3.099270
-3.726180 -1.207052
-2.968092 0.033397
-2.287118 1.147664
-1.541882 2.367083
-0.848030 3.502422
-0.154203 4.637720
0.526796 5.752029
1.297737 7.013507
2.004416 8.169835
2.646858 9.221054
3.469183 10.566611
4.921123 12.942399
5.614949 14.077697
6.809892 16.032964
7.683627 17.462643
8.300364 18.471801
8.929980 19.502030
9.585274 20.574279
10.253396 21.667516
10.947248 22.802856
11.666779 23.980213
12.322073 25.052462
12.977368 26.124711
13.735456 27.365159
15.007488 29.446566
15.765577 30.687015
16.382314 31.696173
17.191812 33.020742
17.834254 34.071960
18.566638 35.270349
19.234785 36.363627
19.915759 37.477895
20.545349 38.508083
21.174964 39.538313
20.339787 37.385841
19.633082 35.564479
18.450992 32.517921
17.859934 30.994609
17.204639 29.305743
16.446576 27.352015
15.225928 24.206085
14.519224 22.384723
13.863930 20.695856
13.247192 19.106362
12.476251 17.119445
11.782425 15.331272
10.536072 12.119094
9.893630 10.463352
9.238336 8.774485
8.428863 6.688262
7.786421 5.032519
7.079742 3.211222
6.283096 1.158057
5.640654 -0.497685
4.432859 -2.029807
3.546297 -2.946539
2.852445 -3.664003
2.107209 -4.434600
1.490472 -5.072326
0.642442 -5.949215
-0.077089 -6.693232
-0.796646 -7.437276
-1.516177 -8.181293
-2.287118 -8.978470
-2.916707 -9.629485
-3.649091 -10.386793
-4.407179 -11.170680
-5.113858 -11.901407
-5.756300 -12.565712
-6.591478 -13.429312
-7.208241 -14.067063
-7.863535 -14.744658
-8.570214 -15.475386
-9.264066 -16.192850
-9.906508 -16.857155
-10.587482 -17.561303
-11.255629 -18.252188
-11.859539 -18.876650
-12.694717 -19.740249
-13.350011 -20.417844
-14.031011 -21.122019
-14.634896 -21.746454
-15.392984 -23.385273
-16.125368 -25.113472
-17.461662 -28.266712
-18.091252 -29.752350
-19.440398 -32.935918
-20.134224 -34.573134
-20.802371 -36.149754
-20.044283 -34.360900
-19.466077 -32.996513
-18.836488 -31.510876
-18.245430 -30.116162
-17.564456 -28.509274
-16.562222 -26.144313
-15.637104 -23.961319
-14.930425 -22.293776
-14.210894 -20.595904
-13.517042 -18.958629
-12.823215 -17.321413
-12.116511 -15.653809
-11.396980 -13.955938
-10.690276 -12.288335
-9.970745 -10.590464
-9.212656 -8.801609
-8.544509 -7.224989
-7.966329 -5.877979
-7.195388 -4.675369
-5.846242 -2.570801
-5.113858 -1.428337
-4.407179 -0.325971
-3.803269 0.616084
-2.968092 1.918898
-2.248560 3.041313
-1.593266 4.063524
-0.745236 5.386387
-0.154203 6.308354
0.719531 7.671315
1.374826 8.693526
2.055825 9.755834
2.659710 10.697849
3.430651 11.900460
4.278681 13.223323
4.921123 14.225485
5.666359 15.387997
6.283096 16.350061
7.696479 18.554834
8.493100 19.797502
9.148394 20.819712
9.739452 21.741719
10.587482 23.064582
11.910924 25.129052
12.489104 26.030970
13.247192 27.213531
13.992428 28.376044
14.660575 29.418303
15.405811 30.580816
14.442135 28.097170
13.684047 26.143377
13.105867 24.653254
12.347778 22.699461
11.731015 21.109902
11.088573 19.454159
9.739452 15.977120
9.032773 14.155823
8.403158 12.533139
7.735037 10.811214
7.066890 9.089224
6.295949 7.102307
5.614949 5.347193
4.805477 3.260969
3.379241 -0.414814
2.801061 -1.393514
2.055825 -2.262785
1.349121 -3.087111
0.693826 -3.851472
-0.089941 -4.765688
-0.899439 -5.709917
-1.529029 -6.444294
-2.261413 -7.298574
-3.777590 -9.067099
-4.445711 -9.846421
-5.203800 -10.730684
-5.949036 -11.599955
-7.311034 -13.188642
-7.889215 -13.863053
-8.621624 -14.717362
-9.379687 -15.601595
-10.060686 -16.395939
-10.728833 -17.175290
-11.422685 -17.984625
-12.103659 -18.778939
-12.746101 -19.528308
-13.619836 -20.547465
-14.210894 -21.236897
-14.904720 -22.233120
-15.534310 -23.718757
-16.253866 -25.416689
-15.367279 -23.324617
-14.711985 -21.778325
-14.069543 -20.262360
-13.375716 -18.625144
-12.669012 -16.957540
-11.975186 -15.320325
-10.523245 -11.894195
-9.906508 -10.438885
-9.328302 -9.074499
-8.570214 -7.285644
-7.837830 -5.677531
-7.246772 -4.755524
-6.604330 -3.753362
-5.846242 -2.570801
-4.548505 -0.546429
-3.816121 0.596035
-3.058033 1.778597
-2.351354 2.880963
-1.721764 3.863076
-0.989381 5.005540
-0.205588 6.228199
0.539648 7.390711
1.194943 8.412922
1.914474 9.535337
2.762504 10.858200
3.404946 11.860362
4.098798 12.942719
4.831182 14.085183
5.576418 15.247695
6.218860 16.249857
6.835597 17.211922
7.657922 18.494687
8.274685 19.456791
9.161247 20.839761
10.330510 22.663725
11.050041 23.786140
11.679631 24.768253
12.501956 26.051019
13.208660 27.153425
13.876782 28.195644
14.532077 29.217855
15.251633 30.340310
15.855518 31.282325
15.046046 29.196102
14.172311 26.944258
13.067309 24.096379
12.334926 22.208834
11.679631 20.519967
10.895838 18.499926
9.778009 15.618988
9.084158 13.830750
8.364626 11.976329
7.606538 10.022536
6.925539 8.267422
6.295949 6.644803
4.908271 3.068392
4.188739 1.213971
3.520592 -0.508019
2.826741 -1.564733
1.991563 -2.529356
1.310589 -3.315874
-0.025705 -4.859282
-0.758088 -5.705178
-1.413383 -6.462038
-2.197176 -7.367312
-2.942412 -8.228052
-3.687648 -9.088793
-4.330090 -9.830808
-5.178120 -10.810275
-5.859094 -11.596793
-6.578651 -12.427875
-7.195388 -13.140201
-7.837830 -13.882216
-8.634451 -14.802305
-9.315450 -15.588853
-10.022154 -16.405090
-10.638892 -17.117416
-11.371275 -17.963312
-12.167921 -18.883431
-13.542747 -20.471342
-14.120952 -21.139164
-14.814779 -22.020886
-15.624251 -23.930991
-14.609191 -21.535763
-13.992454 -20.080453
-13.324307 -18.503833
-11.743893 -14.774546
-10.536098 -11.924522
-9.906508 -10.438885
-9.199804 -8.771282
-8.428888 -6.952160
-7.837830 -5.677531
-7.143979 -4.595174
-6.565798 -3.693256
-5.653507 -2.270149
-4.471416 -0.426175
-3.636239 0.876639
-2.993796 1.878801
-2.120062 3.241762
-0.848030 5.226037
-0.115646 6.368500
0.526796 7.370662
1.310589 8.593321
2.081505 9.795892
2.723947 10.798054
3.559124 12.100868
4.188739 13.083021
4.933975 14.245533
5.627802 15.327851
6.321654 16.410208
7.002628 17.472476
7.837805 18.775291
9.071305 20.699459
9.713747 21.701621
10.343337 22.683734
11.191367 24.006597
11.859514 25.048857
12.579045 26.171272
13.247192 27.213531
14.699107 29.478410
15.354402 30.500621
16.022549 31.542880
17.513021 33.867905
18.772226 35.832171
19.466052 36.914489
20.159904 37.996846
20.905140 39.159358
22.164319 41.571179
22.948113 43.591220
24.310086 47.101383
24.978233 48.823373
25.684912 50.644670
26.288797 52.201041
27.059738 54.187958
27.766416 56.009254
28.344622 57.499442
29.077006 59.386987
29.912183 61.539459
30.503241 63.062770
31.312714 65.148994
31.916624 66.436207
32.597598 66.432057
33.407096 66.427123
34.075218 66.423051
34.704807 66.419214
35.398659 66.414985
36.079659 66.410835
36.863426 66.406058
37.531573 66.401986
38.186868 66.397992
37.043309 63.450740
36.053954 60.900911
35.385807 59.178921
34.139480 55.966808
33.497037 54.311066
32.289242 51.198260
31.582538 49.376898
30.927243 47.688031
30.297653 46.065413
29.616654 44.310299
28.884270 42.422754
27.676475 39.309948
26.944091 37.422403
26.211708 35.534858
25.607823 33.978487
24.798350 31.892264
24.168735 30.269580
23.487761 28.514531
22.832466 26.825665
22.061526 24.838748
21.406231 23.149881
20.648143 21.196088
19.877227 19.209237
18.605170 15.930811
17.795697 13.844587
16.446576 10.367548
15.701340 8.446879
14.326514 4.903592
13.581278 2.982923
12.848869 1.095312
12.129338 -0.759109
11.396955 -1.477726
10.754512 -1.978649
9.983572 -2.579766
9.251188 -3.150819
8.647303 -3.621679
7.760716 -4.312967
7.054037 -4.863978
6.347333 -5.415008
5.486476 -6.086234
4.766920 -6.647285
4.124477 -7.148209
3.315005 -7.779370
2.621178 -8.320359
1.901622 -8.881411
1.053592 -9.542635
0.398297 -10.053580
-0.359766 -10.644656
-1.053617 -11.185665
-1.811706 -11.776760
-2.544089 -12.347813
-3.173679 -12.838716
-3.931768 -13.429812
-4.574210 -13.930736
-5.447944 -14.612002
-6.077534 -15.102905
-6.719976 -15.603829
-7.400976 -16.134817
-8.133359 -16.705870
-9.045626 -17.417181
-10.279126 -18.378963
-10.895863 -18.859845
-11.512626 -19.340746
-12.412040 -20.042036
-13.054482 -20.542960
-13.722629 -21.063926
-14.416456 -21.604915
-14.994661 -22.445354
-15.778455 -24.294864
-16.562222 -26.144313
-17.204690 -27.660338
-18.540959 -30.813519
-19.183401 -32.329484
-19.800164 -33.784854
-20.571079 -35.603976
-21.264931 -37.241251
-21.907373 -38.757216
-22.588372 -40.364164
-23.269372 -41.971112
-23.963198 -43.608328
-24.541404 -44.972715
-25.273787 -46.700914
-26.057581 -48.550423
-26.751407 -50.187639
-28.087701 -53.340880
-28.781553 -54.978155
-29.578173 -56.857933
-30.182083 -58.282975
-31.030088 -60.284003
-31.813881 -61.607563
-33.085913 -61.548559
-33.766912 -61.516970
-34.473617 -61.484189
-35.218853 -61.449621
-35.874147 -61.419225
-36.516589 -61.389425
-37.287530 -61.353664
-38.019914 -61.319692
-38.700888 -61.288105
-38.019914 -59.681555
-37.326062 -58.044624
-36.143971 -55.255843
-34.923324 -52.376097
-33.805470 -49.738863
-33.124470 -48.132253
-32.533412 -46.737832
-31.813881 -45.040319
-30.464760 -41.857480
-29.783761 -40.250870
-29.128466 -38.704903
-28.306141 -36.764879
-27.663673 -35.249173
-26.982699 -33.642623
-26.160374 -31.702599
-25.505080 -30.156631
-24.746991 -28.368154
-24.078844 -26.791865
-23.449255 -25.306540
-22.691166 -23.518063
-21.958783 -21.790228
-21.213547 -20.032071
-20.506842 -18.364819
-19.774459 -16.636984
-19.042075 -14.909148
-18.219750 -12.969124
-17.641545 -11.605025
-16.857751 -9.755904
-15.457221 -6.451781
-14.801926 -5.463945
-14.069543 -4.694774
-13.324307 -3.912104
-12.681864 -3.237392
-11.859539 -2.373762
-11.140008 -1.618088
-10.369067 -0.808423
-9.675216 -0.079719
-8.968537 0.662457
-8.184744 1.485620
-7.490917 2.214297
-6.732829 3.010464
-6.026125 3.752667
-5.306593 4.508340
-4.574210 5.277511
-3.906063 5.979219
-3.263621 6.653932
-2.351354 7.612021
-1.734617 8.259737
-1.027913 9.001940
-0.244145 9.825076
0.462559 10.567278
1.169238 11.309454
1.978711 12.159586
2.621178 12.834325
3.392094 13.643964
4.060241 14.345672
4.805477 15.128341
5.653507 16.018967
6.257392 16.653186
6.989801 17.422384
7.722184 18.191555
8.467420 18.974224
9.276893 19.824357
9.945040 20.526065
10.574630 21.187279
11.409807 22.064408
12.142191 22.833579
12.771780 23.494793
13.645515 24.412416
14.365046 25.168089
15.727020 26.598475
16.433724 27.340677
17.153255 28.096350
18.014137 29.000475
19.530289 30.592782
20.159904 31.254023
20.866583 31.996199
21.650376 32.819362
22.986644 34.222752
23.680496 34.951456
24.425732 35.734125
25.620675 36.989090
26.443000 37.852721
27.149679 38.594896
28.318943 39.822892
28.987064 40.690018
28.113355 38.438753
27.509445 36.882671
26.802766 35.061789
26.147471 33.373307
25.530734 31.784174
24.836882 29.996343
24.130203 28.175460
23.436351 26.387629
22.832466 24.831613
22.074378 22.878264
21.354847 21.024266
20.596758 19.070917
19.350406 15.859470
18.592343 13.906187
17.076166 9.999491
16.343782 8.112375
15.071725 4.834695
14.365046 3.013813
13.709752 1.325331
12.861722 -0.859767
12.167895 -1.350730
11.551133 -1.710913
10.536072 -2.303697
9.315450 -3.016528
8.570214 -3.451737
7.837805 -3.879456
7.143979 -4.284643
6.321654 -4.764872
5.692064 -5.132546
4.972507 -5.552759
4.227271 -5.987969
3.456356 -6.438175
2.801061 -6.820860
1.965884 -7.308595
1.233475 -7.736314
0.578206 -8.118984
-0.269824 -8.614224
-1.002208 -9.041928
-1.734617 -9.469647
-2.467000 -9.897351
-3.276473 -10.370074
-3.880383 -10.722751
-4.677004 -11.187969
-5.473624 -11.653187
-6.116091 -12.028381
-6.809918 -12.433568
-7.593711 -12.891295
-8.210448 -13.251463
-8.994242 -13.709189
-10.407599 -14.534575
-11.152835 -14.969785
-11.833835 -15.367481
-12.591923 -15.810196
-13.427100 -16.297931
-14.699132 -17.040784
-15.431541 -17.468503
-16.215309 -17.926215
-17.037634 -18.406444
-17.654397 -18.766626
-18.386781 -19.194331
-19.684517 -19.952195
-20.558252 -20.462446
-21.136432 -20.800097
-21.933078 -21.265330
-22.601225 -21.655520
-23.513491 -23.570261
-24.708434 -26.389176
-25.453670 -28.147215
-26.956995 -31.693613
-28.203347 -34.633805
-28.858642 -36.179670
-28.023464 -34.209358
-27.368170 -32.663417
-26.712875 -31.117476
-26.031876 -29.510894
-25.376581 -27.964953
-24.785523 -26.570556
-24.040287 -24.812430
-23.462082 -23.448354
-22.678314 -21.599325
-21.958783 -19.901840
-20.609636 -16.718997
-19.813016 -14.839647
-19.132017 -13.233065
-18.489574 -11.717445
-17.680076 -9.807714
-16.909161 -7.989006
-16.163925 -6.230880
-15.470073 -5.335569
-14.763394 -4.606618
-13.966749 -3.784864
-13.324307 -3.122174
-12.669012 -2.446227
-11.885244 -1.637757
-11.255629 -0.988298
-10.536098 -0.246090
-9.752305 0.562406
-9.097010 1.238354
-8.390331 1.967305
-7.683652 2.696256
-6.887007 3.518010
-6.103239 4.326479
-4.818329 5.651886
-3.841826 6.659165
-3.263621 7.255594
-2.467000 8.077321
-1.798853 8.766526
-1.066470 9.521992
-0.167030 10.449779
1.156386 11.814906
1.914474 12.596887
3.353562 14.081330
4.047388 14.797024
4.844034 15.618778
6.218860 17.036934
6.951243 17.792400
7.645070 18.508094
8.480247 19.369593
9.135542 20.045541
9.932187 20.867294
10.548925 21.503469
11.242777 22.219189
12.013692 23.014402
12.874574 23.902416
13.529869 24.578364
14.275105 25.347087
15.046046 26.142326
15.688488 26.805016
16.433724 27.573739
17.127550 28.289433
17.949875 29.137675
18.643727 29.853395
19.221933 30.449824
20.159904 31.417357
20.879435 32.159566
21.470468 32.769226
22.215704 33.537950
22.922408 34.266927
23.629087 34.995878
24.335791 35.724856
25.068174 36.480322
25.723469 37.156269
26.571473 38.031000
27.740737 39.237116
28.473121 39.992582
27.406651 37.244634
25.993293 33.602869
25.376530 32.013671
24.772645 30.457655
24.130203 28.802290
23.462056 27.080691
22.858146 25.524610
22.010141 23.339577
21.329142 21.584862
19.890080 17.876864
19.299022 16.353899
18.643727 14.665417
17.821402 12.546552
16.408019 8.904722
15.675635 7.017606
14.930399 5.097374
14.236548 3.309543
13.645515 1.786643
12.810338 -0.365338
12.142191 -1.225417
11.358397 -1.686297
10.009276 -2.479598
9.251188 -2.925363
8.518804 -3.356014
7.786421 -3.786665
7.066890 -4.209758
6.180303 -4.731082
4.933975 -5.463938
4.111650 -5.947476
3.469183 -6.325255
2.672563 -6.793678
1.927327 -7.231886
1.194943 -7.662536
0.501091 -8.070530
-0.308381 -8.546510
-1.027913 -8.969604
-1.798853 -9.422926
-2.569794 -9.876249
-4.008857 -10.722436
-4.741240 -11.153087
-5.409387 -11.545966
-6.064682 -11.931287
-6.887007 -12.414825
-7.593711 -12.830376
-8.300390 -13.245912
-9.071331 -13.699234
-9.790862 -14.122328
-10.626039 -14.613423
-11.229950 -14.968530
-12.604775 -15.776944
-13.529894 -16.320926
-14.198041 -16.713805
-15.457221 -17.454218
-16.318103 -17.960428
-16.960545 -18.338192
-17.808575 -18.836844
-19.183401 -19.645259
-19.787311 -20.000366
-20.699578 -20.536790
-21.971610 -21.284761
-22.678314 -21.700312
-23.397845 -23.297447
-24.220170 -25.237343
-25.453670 -28.147215
-26.121817 -29.723399
-26.725728 -31.148046
-27.637994 -33.300116
-28.910026 -36.300887
-28.010612 -34.179031
-27.342465 -32.602769
-26.648613 -30.965866
-25.299492 -27.783082
-24.721287 -26.419006
-24.027435 -24.782103
-23.205110 -22.842112
-21.984462 -19.962416
-21.316315 -18.386155
-20.442606 -16.324940
-19.813016 -14.839641
-19.196253 -13.384603
-18.399633 -11.505253
-17.770018 -10.019894
-17.063339 -8.352730
-16.241014 -6.412739
-15.547162 -5.415085
-14.737690 -4.580100
-13.350011 -3.148687
-12.720422 -2.499254
-11.872392 -1.624497
-11.294186 -1.028068
-10.497541 -0.206315
-9.790862 0.522636
-9.148420 1.185326
-8.416036 1.940792
-7.632243 2.749288
-7.054037 3.345717
-6.206033 4.220448
-5.460797 4.989172
-4.818329 5.651888
-4.073093 6.420611
-3.417824 7.096533
-2.569794 7.971290
-1.875942 8.687010
-1.105002 9.482248
-0.449707 10.158195
0.436855 11.072699
1.092149 11.748646
1.863090 12.543885
2.466975 13.166802
3.353562 14.081332
4.034536 14.783768
4.741240 15.512745
5.460771 16.254954
6.128918 16.944159
6.964096 17.805659
7.645070 18.508095
8.338922 19.223815
9.097010 20.005796
9.790836 20.721489
10.677423 21.636019
11.923751 22.921626
12.643307 23.663861
13.362838 24.406070
14.275105 25.347088
14.917547 26.009778
15.688488 26.805017
16.382314 27.520710
17.191812 28.355721
17.885639 29.071415
18.630875 29.840138
19.350406 30.582347
20.057110 31.311324
20.712405 31.987272
21.496172 32.795742
22.202877 33.524719
22.922408 34.266927
23.629087 34.995879
24.284381 35.671826
25.042470 36.453807
25.762001 37.196016
27.239620 38.720205
28.396032 39.913063
29.089858 40.955325
29.783710 42.743156
31.030037 45.954538
31.788125 47.907886
33.098715 51.284850
33.843951 53.205082
34.486393 54.860447
35.141687 56.548929
35.745572 58.104945
37.158955 61.746776
37.827102 63.468374
38.508076 65.223024
39.317574 66.391100
39.972869 66.387106
40.679548 66.382799
41.399079 66.378414
42.092931 66.374185
42.863846 66.369487
43.634787 66.364788
44.906819 66.357035
45.626350 66.352650
46.320202 66.348421
47.193911 66.343096
47.849206 66.339102
48.543058 66.334873
49.198352 66.330879
50.097766 66.325398
50.765913 66.321326
51.536829 66.316627
52.230680 66.312398
53.014448 66.307621
53.708300 66.303392
54.337890 66.299555
55.224451 66.294152
54.260801 63.811136
52.963064 60.467289
51.819505 57.520708
51.048590 55.534309
50.431827 53.945111
49.635207 51.892478
48.491648 48.945898
47.887763 47.389882
47.258173 45.767633
46.397291 43.549418
45.806233 42.026453
45.099554 40.205570
43.724728 36.663089
43.082286 35.007724
42.426992 33.319242
41.681756 31.399010
40.949372 29.511895
40.088490 27.293680
39.034898 24.578915
38.302514 22.691799
37.608662 20.903968
36.799190 18.818219
36.131043 17.096621
35.411512 15.242622
34.730512 13.487907
34.062365 11.766308
33.278597 9.746792
32.584746 7.958961
31.916624 6.237428
31.222772 4.449597
30.387595 2.297615
29.706621 0.542965
29.051326 -0.997850
28.396032 -1.260237
27.612238 -1.574076
26.879855 -1.867330
26.263117 -2.114278
25.505029 -2.417824
24.875439 -2.669919
24.194440 -2.942598
23.295026 -3.302732
22.626879 -3.570265
21.855938 -3.878958
21.174964 -4.151627
20.365466 -4.475758
19.607403 -4.779295
18.926404 -5.051974
18.206872 -5.340082
17.474489 -5.633336
16.536518 -6.008909
15.174519 -6.554267
14.403603 -6.862950
13.696899 -7.145921
12.810338 -7.500910
12.077954 -7.794164
11.499748 -8.025683
10.690276 -8.349805
9.970719 -8.637922
9.122715 -8.977472
8.428863 -9.255298
7.632243 -9.574273
6.964096 -9.841806
6.347333 -10.088764
5.447919 -10.448898
4.702683 -10.747299
4.098798 -10.989100
3.135122 -11.374966
2.479827 -11.637353
1.773149 -11.920314
1.040765 -12.213568
0.218415 -12.542846
-0.501117 -12.830954
-1.233500 -13.124208
-2.081530 -13.463768
-3.379267 -13.983395
-4.265828 -14.338383
-4.844034 -14.569903
-5.653507 -14.894024
-6.347358 -15.171849
-6.938416 -15.408515
-7.837830 -15.768650
-8.493125 -16.031036
-9.186977 -16.308862
-10.022154 -16.643276
-11.422685 -17.204063
-12.155068 -17.497316
-12.823215 -17.764849
-13.619836 -18.083824
-14.326514 -18.366786
-15.071750 -18.665186
-15.791307 -18.953304
-16.485133 -19.231119
-18.027015 -19.848505
-19.337604 -20.373278
-20.044283 -20.656240
-20.712430 -20.923772
-21.509050 -21.242747
-22.138665 -21.494852
-22.819639 -21.933439
-23.667669 -23.933973
-24.425758 -25.722331
-25.762052 -28.874699
-26.956995 -31.693613
-27.882113 -33.876003
-29.102761 -36.755556
-29.925086 -38.695452
-30.503292 -40.059460
-31.248528 -41.817499
-31.878118 -43.302725
-32.546265 -44.878909
-33.188707 -46.394454
-34.036737 -48.394987
-34.640647 -49.819634
-35.270237 -51.304860
-36.002620 -53.032580
-36.657915 -54.578444
-37.287530 -56.063730
-38.071298 -57.912667
-38.726593 -59.458532
-39.394740 -61.034715
-39.985798 -61.228504
-40.859507 -61.187976
-41.553359 -61.155791
-42.208653 -61.125395
-42.941037 -61.091423
-43.737682 -61.054470
-44.380125 -61.024670
-45.099656 -60.991294
-45.754950 -60.960898
-46.487334 -60.926926
-47.849333 -60.863749
-48.517480 -60.832757
-49.275568 -60.797592
-49.892306 -60.768985
-50.766040 -60.728456
-51.421335 -60.698060
-52.153718 -60.664088
-52.860397 -60.631308
-53.490012 -60.602103
-54.389426 -60.560383
-54.980484 -60.532967
-55.751425 -60.497206
-56.393867 -60.467406
-55.674336 -58.771062
-54.646398 -56.347628
-54.042513 -54.923928
-53.451455 -53.530469
-52.719072 -51.803825
-51.601218 -49.168408
-50.804572 -47.290261
-49.699570 -44.685145
-49.018571 -43.079642
-48.247656 -41.262157
-47.065540 -38.475238
-46.435950 -36.990937
-45.690714 -35.233992
-44.444361 -32.295631
-43.699125 -30.538687
-43.005299 -28.902944
-42.362831 -27.388283
-41.463417 -25.267853
-40.885212 -23.904694
-40.229917 -22.359792
-39.446149 -20.512006
-38.688061 -18.724761
-37.904268 -16.876915
-37.236121 -15.301713
-36.542294 -13.665970
-35.758501 -11.818124
-34.897619 -9.788536
-33.651266 -6.850175
-33.008824 -5.769594
-31.377026 -4.820406
-30.143526 -4.102901
-29.462527 -3.706776
-28.730143 -3.280762
-27.959202 -2.832320
-27.252524 -2.421257
-26.494435 -1.980291
-25.749199 -1.546800
-24.914022 -1.060993
-24.322964 -0.717185
-23.577728 -0.283695
-22.704019 0.224526
-22.035872 0.613175
-21.213547 1.091507
-20.583931 1.457743
-19.800164 1.913646
-19.029223 2.362089
-18.412485 2.720834
-17.551603 3.221594
-16.819220 3.647608
-16.061131 4.088574
-15.392984 4.477223
-14.429308 5.037776
-13.080187 5.822536
-12.373483 6.233613
-11.525453 6.726897
-10.908716 7.085642
-10.073538 7.571449
-9.405391 7.960098
-8.673008 8.386113
-7.889215 8.842031
-7.272477 9.200776
-6.463005 9.671632
-5.769153 10.075233
-5.165268 10.426502
-4.471416 10.830103
-3.636239 11.315911
-2.826766 11.786766
-2.132914 12.190367
-1.387678 12.623858
-0.770941 12.982603
0.064237 13.468411
0.848030 13.924329
1.529004 14.320439
2.274240 14.753930
3.058033 15.209848
3.803269 15.643338
4.574210 16.091781
5.203800 16.458002
5.974715 16.906429
6.719951 17.339920
7.388098 17.728569
8.248980 18.229329
8.852865 18.580598
9.713747 19.081357
10.420452 19.492434
11.139983 19.910973
11.898071 20.351939
12.566193 20.740573
13.555574 21.316078
14.236548 21.712189
14.891842 22.093362
15.611399 22.511915
16.228136 22.870660
17.230344 23.453626
18.014137 23.909545
18.733668 24.328083
19.466052 24.754097
20.134199 25.142746
20.969376 25.628554
21.624671 26.009727
22.459848 26.495535
23.205084 26.929025
24.040262 27.414833
24.708409 27.803482
25.363678 28.184640
26.070382 28.595717
26.802766 29.021732
27.727885 29.559857
29.128415 30.374520
29.770857 30.748217
30.439004 31.136866
31.222772 31.592770
31.878067 31.973943
32.649008 32.422385
33.278597 32.788606
33.972424 33.192193
34.756217 33.648111
35.424364 34.036760
36.079659 34.417933
36.786337 34.828996
37.672899 35.344692
38.263957 35.688500
38.970636 36.099563
39.638783 36.488212
40.255520 36.846957
41.052166 37.310351
41.758845 37.721414
40.872283 35.438696
40.191284 33.685260
38.957783 30.509245
38.302514 28.822059
37.634367 27.101715
36.863426 25.116698
36.208132 23.429446
35.565690 21.775287
34.846158 19.922639
34.152307 18.136110
33.574126 16.647412
32.995921 15.158649
32.045097 12.710470
31.441212 11.155588
30.721681 9.302940
29.963593 7.351015
29.334003 5.729948
28.550210 3.711838
27.792121 1.759914
26.468705 -1.060567
25.749148 -1.306579
25.016765 -1.556975
24.258676 -1.816160
23.076586 -2.220308
22.177172 -2.527811
21.444788 -2.778208
20.712405 -3.028604
19.427520 -3.467897
18.579490 -3.757832
17.782845 -4.030199
17.050461 -4.280596
16.318078 -4.530992
15.444343 -4.829716
14.827606 -5.040574
14.108074 -5.286576
13.414223 -5.523799
12.733249 -5.756619
11.859514 -6.055342
11.127130 -6.305739
10.381894 -6.560529
9.713747 -6.788964
8.904275 -7.065717
8.146186 -7.324902
7.388098 -7.584086
6.642862 -7.838877
5.807685 -8.124418
5.203800 -8.330882
4.432859 -8.594461
3.674770 -8.853646
2.955239 -9.099648
2.210003 -9.354439
1.361973 -9.644374
0.706679 -9.868414
-0.077089 -10.136379
-0.822325 -10.391169
-1.631823 -10.667931
-2.338502 -10.909539
-3.058033 -11.155542
-3.751885 -11.392764
-4.394327 -11.612411
-5.447944 -11.972635
-6.758534 -12.420715
-7.375271 -12.631573
-8.236153 -12.925903
-8.955684 -13.171905
-9.636684 -13.404734
-10.459009 -13.685881
-11.191392 -13.936277
-12.052275 -14.230606
-13.362864 -14.678687
-14.082395 -14.924690
-14.801926 -15.170692
-15.778455 -15.504560
-17.140428 -15.970209
-17.834280 -16.207431
-18.592368 -16.466616
-19.350457 -16.725801
-20.108520 -16.984977
-20.763814 -17.209018
-21.431961 -17.437452
-22.292843 -17.731781
-23.089464 -18.004140
-23.796168 -18.245757
-24.464315 -18.474191
-25.273787 -18.750944
-26.096112 -19.032091
-26.674318 -19.229775
-27.470964 -19.502142
-28.126258 -19.726183
-28.730143 -19.932647
-29.770908 -20.288477
-31.017261 -20.714595
-31.826733 -20.991348
-32.507733 -21.224177
-33.214412 -21.573330
-33.921116 -22.701783
-34.614942 -23.809673
-35.257384 -24.835513
-36.182503 -26.312726
-36.799266 -27.297562
-37.454561 -28.343925
-38.212649 -29.554427
-38.932180 -30.703361
-39.857299 -32.180575
-40.988005 -33.986066
-41.733241 -35.176046
-42.388536 -36.222409
-43.069535 -37.309816
-42.439946 -35.825600
-41.848888 -34.432219
-41.142183 -32.766210
-39.818767 -29.646343
-38.533857 -26.617252
-37.814326 -24.921004
-37.171884 -23.406488
-36.452353 -21.710240
-35.758501 -20.074530
-35.026117 -18.347983
-34.383675 -16.833468
-33.689823 -15.197758
-32.983145 -13.531808
-32.250736 -11.805202
-31.428411 -9.866624
-30.734584 -8.230974
-29.950791 -6.383233
-29.166998 -5.556523
-28.498876 -5.149980
-27.869261 -4.766869
-27.072641 -4.282137
-26.365937 -3.852118
-25.684963 -3.437755
-24.888317 -2.953008
-24.220170 -2.546451
-23.436402 -2.069539
-22.755403 -1.655161
-22.138665 -1.279886
-21.354872 -0.802959
-20.609636 -0.349494
-19.902957 0.080510
-19.132017 0.549616
-18.168341 1.135999
-16.934840 1.886565
-16.189604 2.340031
-15.495778 2.762214
-14.622043 3.293868
-13.966749 3.692606
-13.247218 4.130430
-12.476277 4.599536
-11.743893 5.045180
-10.870159 5.576835
-10.189185 5.991198
-9.456801 6.436842
-8.775802 6.851221
-7.837830 7.421962
-7.259625 7.773792
-6.565798 8.195975
-5.820562 8.649440
-5.075326 9.102905
-4.304386 9.572012
-3.623386 9.986390
-2.813914 10.478942
-2.145767 10.885499
-0.668147 11.784609
0.025679 12.206792
0.783768 12.668078
1.464767 13.082456
2.184298 13.520280
2.916682 13.965925
3.777564 14.489759
4.471416 14.911958
5.062449 15.271592
5.987567 15.834514
6.630010 16.225430
7.362419 16.671090
8.159039 17.155822
8.891422 17.601467
9.713747 18.101839
10.304805 18.461490
11.088573 18.938401
11.820982 19.384061
12.437720 19.759336
13.375691 20.330078
14.095222 20.767902
14.814753 21.205726
15.431516 21.581018
16.343782 22.136118
17.101871 22.597404
17.924196 23.097777
18.695111 23.566867
19.401815 23.996886
20.275525 24.528526
20.917967 24.919442
21.650376 25.365102
22.434144 25.842014
23.050881 26.217289
23.924616 26.748944
24.669852 27.202409
25.260910 27.562059
26.018973 28.023329
26.725677 28.453348
27.496592 28.922439
28.331770 29.430632
28.999917 29.837190
29.629506 30.220286
30.567478 30.791028
31.158536 31.150678
31.852362 31.572861
32.571919 32.010701
33.252893 32.425063
34.088070 32.933256
34.717660 33.316353
35.450043 33.761997
36.105338 34.160734
36.863426 34.622020
37.493016 35.005116
38.238252 35.458581
38.983488 35.912046
40.525370 36.850259
41.707460 37.569544
42.324198 37.944819
41.578962 36.025987
40.885135 34.239523
39.741577 31.295090
38.970636 29.310072
37.544426 25.637869
36.439424 22.792712
35.501453 20.377625
34.871863 18.756558
34.203716 17.036214
33.419923 15.018105
32.751801 13.297826
32.122186 11.676694
31.428360 9.890231
30.606035 7.772909
29.244061 4.266102
28.550210 2.479574
27.933472 0.891599
27.175384 -0.982490
26.520089 -1.204754
25.736296 -1.470601
24.965381 -1.732081
24.348618 -1.941275
23.706176 -2.159179
22.858146 -2.446815
22.151467 -2.686507
21.354847 -2.956705
20.660995 -3.192046
19.967169 -3.427379
19.119139 -3.715014
18.399608 -3.959065
17.692903 -4.198766
16.909136 -4.464605
16.189579 -4.708665
15.508605 -4.939638
14.789074 -5.183689
13.915339 -5.480043
12.553366 -5.941999
11.808130 -6.194768
11.152835 -6.417032
10.356190 -6.687239
9.739452 -6.896424
8.788629 -7.218925
8.081950 -7.458617
7.388098 -7.693959
6.514389 -7.990304
5.743448 -8.251792
4.420006 -8.700679
3.713328 -8.940370
2.878150 -9.223647
2.030120 -9.511282
1.413383 -9.720468
0.616737 -9.990675
-0.128499 -10.243444
-1.554734 -10.727196
-2.338502 -10.993035
-3.070885 -11.241446
-3.764737 -11.476787
-4.484268 -11.720838
-5.229504 -11.973608
-6.013298 -12.239455
-6.732829 -12.483507
-7.362419 -12.697052
-8.441741 -13.063137
-9.019921 -13.259245
-9.662363 -13.477149
-10.420452 -13.734278
-11.075746 -13.956541
-11.910924 -14.239817
-12.604775 -14.475159
-13.375716 -14.736647
-14.043838 -14.963261
-14.660601 -15.172455
-15.560015 -15.477519
-16.305251 -15.730289
-17.101896 -16.000496
-17.680076 -16.196604
-18.528106 -16.484239
-19.337604 -16.758805
-20.095693 -17.015934
-20.776667 -17.246908
-21.650401 -17.543262
-22.331401 -17.774244
-22.986695 -17.996507
-23.693374 -18.236199
-24.502847 -18.510757
-25.209551 -18.750457
-25.864845 -18.972720
-26.725728 -19.264715
-27.445259 -19.508766
-28.126258 -19.739748
-28.871494 -19.992518
-29.565321 -20.227851
-30.336261 -20.489339
-31.171439 -20.772615
-32.392087 -21.186636
-33.278648 -21.675902
-33.882559 -22.640216
-34.679179 -23.912244
-35.411588 -25.081742
-36.131119 -26.230677
-37.416003 -28.282357
-38.109855 -29.390287
-38.752297 -30.416128
-39.536091 -31.667675
-40.307006 -32.898659
-40.975153 -33.965544
-41.656152 -35.052952
-43.043831 -37.268771
-42.414241 -35.784555
-41.733241 -34.179143
-40.564003 -31.422740
-39.857299 -29.756731
-38.508178 -26.576266
-37.904268 -25.152587
-37.248973 -23.607773
-36.542294 -21.941824
-35.797058 -20.184978
-35.167443 -18.700702
-34.422207 -16.943856
-33.728381 -15.308206
-33.008824 -13.611898
-32.109410 -11.491588
-30.785968 -8.371661
-30.040732 -6.614816
-29.308349 -5.647551
-28.601645 -5.217484
-27.779320 -4.717057
-27.085493 -4.294828
-26.301700 -3.817849
-25.466523 -3.309601
-24.130229 -2.496397
-23.462082 -2.089795
-21.971610 -1.182765
-21.354872 -0.807449
-20.545400 -0.314843
-19.825843 0.123044
-19.067780 0.584365
-18.348223 1.022252
-17.577308 1.491394
-16.896309 1.905818
-16.176777 2.343690
-15.251633 2.906688
-14.596339 3.305468
-13.979601 3.680785
-13.208660 4.149942
-12.412040 4.634727
-11.396980 5.252443
-10.240569 5.956179
-9.456801 6.433143
-8.660155 6.917943
-7.889215 7.387100
-7.118299 7.856242
-5.794858 8.661624
-4.998237 9.146409
-4.407179 9.506098
-3.494913 10.061260
-2.852471 10.452219
-2.132914 10.890106
-1.233500 11.437446
0.089941 12.242829
0.822325 12.688522
1.490472 13.095124
2.389886 13.642464
2.993796 14.009975
3.751859 14.471295
4.471416 14.909183
5.203800 15.354876
6.000420 15.839660
6.630010 16.222798
7.465187 16.731047
8.094802 17.114200
9.135542 17.747544
10.317658 18.466923
11.088573 18.936065
11.936603 19.452135
12.720396 19.929114
13.375691 20.327894
14.108074 20.773587
14.917547 21.266193
15.534284 21.641510
16.433724 22.188865
17.166107 22.634559
17.898491 23.080252
18.682284 23.557231
19.440347 24.018551
20.147051 24.448617
20.956524 24.941223
21.740317 25.418202
22.331350 25.777876
23.333558 26.387771
23.911763 26.739639
24.656999 27.193154
25.350851 27.615398
26.096087 28.068913
26.905560 28.561519
27.548002 28.952478
28.357474 29.445084
29.025621 29.851686
30.490389 30.743073
31.184240 31.165317
31.968008 31.642280
32.546214 31.994148
33.342834 32.478933
34.049538 32.908999
34.743365 33.331228
35.424364 33.745652
36.156748 34.191345
36.940515 34.668308
37.557278 35.043640
38.225400 35.450227
38.996341 35.919384
40.345462 36.740394
40.987929 37.131369
41.707460 37.569241
42.337050 37.952379
43.069434 38.398072
43.737581 38.804674
44.495669 39.266010
45.189496 39.688239
46.384439 40.638892
47.271000 42.921609
47.939147 44.641953
49.224032 47.950272
49.879326 49.637523
50.598857 51.490171
51.382651 53.508281
52.037945 55.195533
52.667535 56.816599
53.502712 58.967013
54.132302 60.588080
54.928922 62.639217
56.316601 66.212209
56.997600 66.283345
57.768541 66.278646
58.500924 66.274183
59.156219 66.270189
59.862898 66.265882
60.556724 66.261653
61.379049 66.256641
62.072901 66.252412
62.702491 66.248575
63.537668 66.243485
64.257199 66.239099
64.963904 66.234792
65.786229 66.229780
66.711347 66.224142
67.906290 66.216859
68.664353 66.212239
69.358205 66.208010
70.167678 66.203077
70.887209 66.198691
71.619593 66.194227
72.210651 66.190625
73.007271 66.185770
73.739654 64.890374
72.570416 61.879821
71.825180 59.960988
71.246975 58.472225
70.617385 56.851159
69.358205 53.609025
68.754295 52.054077
68.034764 50.201429
67.405174 48.580362
66.582849 46.463041
65.323669 43.220907
64.694054 41.599775
64.103021 40.077985
63.396343 38.258429
62.676786 36.405716
62.072901 34.850834
61.301960 32.865816
60.620986 31.112445
59.888603 29.226705
59.220456 27.506361
58.578013 25.852202
57.832777 23.933369
57.036157 21.882233
56.368010 20.161889
55.674158 18.375360
55.006037 16.655081
54.376422 15.033949
53.528417 12.850509
52.821713 11.030888
52.153591 9.310609
51.382651 7.325592
50.624562 5.373667
49.866474 3.421742
49.172647 1.635278
48.517353 -0.051973
47.784969 -1.065238
47.065438 -1.246391
46.345907 -1.427544
45.510729 -1.637812
44.842582 -1.806029
44.225820 -1.961308
43.454904 -2.155398
42.812462 -2.317142
42.028669 -2.514474
41.244901 -2.711799
39.844370 -3.064404
39.111987 -3.248793
38.482397 -3.407302
37.672899 -3.611105
36.991925 -3.782551
36.118190 -4.002527
35.462896 -4.167507
34.781922 -4.338952
34.100922 -4.510404
33.368539 -4.694793
32.584746 -4.892125
31.916624 -5.060335
31.132831 -5.257667
30.503241 -5.416175
29.693768 -5.619972
28.909975 -5.817304
28.177592 -6.001693
27.445208 -6.186082
26.777061 -6.354298
25.890499 -6.577503
25.170968 -6.758656
24.489969 -6.930108
23.731880 -7.120968
22.973792 -7.311828
22.254261 -7.492981
21.431936 -7.700014
20.673847 -7.890874
20.069962 -8.042911
19.376111 -8.217599
18.540933 -8.427868
17.731461 -8.631665
16.909136 -8.838698
16.202431 -9.016621
15.521457 -9.188067
14.711959 -9.391870
13.953896 -9.582724
13.285749 -9.750940
12.373483 -9.980617
11.666779 -10.158540
10.998632 -10.326757
10.202012 -10.527318
9.469628 -10.711706
8.814333 -10.876687
7.927746 -11.099899
7.233920 -11.274580
6.424447 -11.478377
5.782005 -11.640121
5.036769 -11.827746
4.265828 -12.021842
3.520592 -12.209466
2.801061 -12.390619
2.081505 -12.571779
1.246327 -12.782047
0.449707 -12.982608
-0.256972 -13.160526
-0.989381 -13.344921
-1.786001 -13.545482
-2.454148 -13.713698
-3.250768 -13.914259
-3.996004 -14.101884
-4.754093 -14.292744
-5.627827 -14.512720
-6.912712 -14.836209
-7.657948 -15.023833
-9.186977 -15.408790
-9.855098 -15.577000
-10.677449 -15.784039
-12.129364 -16.149580
-12.900304 -16.343676
-13.517042 -16.498949
-14.390776 -16.718925
-15.020366 -16.877434
-15.881248 -17.094174
-16.587927 -17.272091
-17.256074 -17.440307
-18.014163 -17.631168
-18.707989 -17.805849
-19.633108 -18.038762
-20.288402 -18.203742
-20.995107 -18.381666
-21.714638 -18.562818
-23.282199 -18.957476
-23.988903 -19.135399
-24.695582 -19.313316
-25.338024 -19.475061
-26.160374 -19.682100
-26.841348 -19.853546
-27.650846 -20.057349
-28.408935 -20.248209
-29.115614 -20.426126
-29.899407 -20.623458
-30.516144 -20.778731
-31.325617 -20.982528
-31.980911 -21.147509
-32.700468 -21.328668
-33.497088 -22.024703
-34.088146 -22.968494
-34.974708 -24.384140
-35.604323 -25.389498
-37.030533 -27.666845
-37.685828 -28.713208
-38.443916 -29.923710
-39.112063 -30.990595
-39.831594 -32.139530
-40.615387 -33.391077
-41.244977 -34.396394
-41.990213 -35.586374
-42.748302 -36.796876
-43.429301 -37.884284
-44.727038 -39.956487
-45.523683 -41.228556
-46.731479 -43.157142
-47.399626 -44.224028
-48.042068 -45.249868
-48.735894 -46.357758
-49.583924 -47.711876
-50.958775 -49.907214
-52.205103 -51.897327
-52.963191 -53.107830
-53.618486 -54.154192
-54.273780 -55.200555
-54.929075 -56.246918
-55.751425 -57.560032
-56.406720 -58.606395
-57.087694 -59.693762
-57.845782 -60.400058
-58.513929 -60.369066
-59.207781 -60.336881
-59.953017 -60.302313
-60.608312 -60.271917
-61.430637 -60.233773
-62.008842 -60.206952
-62.908282 -60.165231
-63.512167 -60.137220
-64.270255 -60.102055
-65.002639 -60.068083
-66.505963 -59.998351
-67.199815 -59.966166
-67.842257 -59.936366
-68.664582 -59.898222
-69.242788 -59.871402
-70.013728 -59.835641
-70.887463 -59.795112
-71.555610 -59.764120
-72.403640 -59.724784
-73.161728 -59.689619
-73.778466 -59.351061
-74.523702 -57.181036
-73.906964 -55.728540
-72.853347 -53.247136
-72.236609 -51.794640
-71.594142 -50.281547
-70.476288 -47.648857
-69.808141 -46.075285
-69.062905 -44.320158
-67.945051 -41.687469
-67.186962 -39.902073
-66.518815 -38.328501
-65.927757 -36.936484
-65.156842 -35.120879
-64.565784 -33.728861
-63.897637 -32.155289
-63.306579 -30.763272
-62.265814 -28.312137
-61.135108 -25.649178
-60.338487 -23.773035
-59.644636 -22.138925
-58.809458 -20.171975
-57.421780 -16.903815
-56.239664 -14.119780
-55.288866 -11.880528
-54.646398 -10.367434
-53.978277 -8.793922
-53.310130 -7.220350
-52.603425 -5.855555
-51.639749 -5.497054
-50.406275 -5.038183
-49.519688 -4.708360
-48.633126 -4.378546
-47.386773 -3.914884
-46.808568 -3.699783
-46.011922 -3.403420
-45.253859 -3.121409
-43.801919 -2.581266
-43.133772 -2.332706
-41.733241 -1.811688
-40.975153 -1.529668
-40.319858 -1.285889
-39.587475 -1.013432
-38.842239 -0.736193
-38.045593 -0.439829
-37.248973 -0.143475
-36.542294 0.119420
-35.822738 0.387106
-34.897619 0.731263
-34.319413 0.946364
-33.561325 1.228384
-32.803262 1.510395
-31.968059 1.821102
-31.274233 2.079216
-30.580381 2.337339
-29.860850 2.605015
-29.012820 2.920494
-28.203347 3.221630
-27.470964 3.494087
-26.815669 3.737867
-26.057581 4.019887
-25.415138 4.258884
-24.515699 4.593489
-23.796168 4.861165
-23.038079 5.143185
-22.344228 5.401308
-21.534755 5.702444
-20.776667 5.984464
-20.121372 6.228243
-19.311899 6.529378
-18.540959 6.816180
-17.628692 7.155556
-16.305251 7.647896
-15.637104 7.896456
-14.750542 8.226270
-14.069543 8.479612
-13.337159 8.752069
-12.630480 9.014964
-11.820982 9.316109
-11.062894 9.598129
-10.253421 9.899264
-9.598127 10.143044
-8.929980 10.391604
-8.133359 10.687958
-7.298182 10.998656
-6.617183 11.251998
-5.923356 11.510112
-5.255209 11.758672
-4.368622 12.088495
-3.700475 12.337056
-3.070885 12.571272
-2.248560 12.877189
-1.593266 13.120969
-0.835177 13.402988
-0.025705 13.704124
0.822325 14.019604
1.426210 14.244258
2.158619 14.516724
2.891003 14.789182
3.790417 15.123777
4.484268 15.381900
5.190947 15.644795
5.871947 15.898136
6.630010 16.180147
7.388098 16.462167
8.197596 16.763312
8.865718 17.011863
9.572422 17.274767
10.613187 17.661947
11.949455 18.159058
12.720396 18.445860
13.337134 18.675295
14.262252 19.019453
15.020341 19.301473
15.739872 19.569149
16.536518 19.865512
17.256049 20.133189
18.065521 20.434324
18.836462 20.721125
19.658787 21.027042
20.301229 21.266040
21.136407 21.576738
21.894495 21.858758
22.575495 22.112100
23.410672 22.422798
24.284381 22.747831
24.913971 22.982047
25.710617 23.278411
26.430148 23.546087
27.201089 23.832889
27.869210 24.081439
28.627299 24.363459
29.359682 24.635917
30.040682 24.889259
30.721681 25.142600
31.595390 25.467633
32.289242 25.725756
33.047305 26.007766
33.754009 26.270671
34.512098 26.552691
35.424364 26.892067
36.773485 27.393960
37.467337 27.652083
38.276809 27.953218
39.009193 28.225676
39.703019 28.483789
40.461108 28.765809
41.065018 28.990473
41.861638 29.286827
42.671111 29.587963
43.364963 29.846086
44.097346 30.118543
44.701231 30.343197
45.562114 30.663458
46.397291 30.974156
47.733560 31.471267
48.440264 31.734172
49.262589 32.040088
49.943588 32.293430
50.663119 32.561106
51.408355 32.838345
51.999388 33.058218
52.898802 33.392813
53.605506 33.655717
54.273653 33.904278
54.877538 34.128932
55.892598 34.506549
54.916095 31.994837
54.260801 30.309321
53.669743 28.789031
52.924507 26.872172
51.601091 23.468147
50.868682 21.584282
50.290501 20.097115
49.326825 17.618396
48.054793 14.346539
47.425204 12.727140
46.679968 10.810281
45.664907 8.199394
45.086702 6.712163
43.737581 3.242021
43.005197 1.358221
42.324198 -0.393412
41.617519 -1.070384
40.885135 -1.221802
40.127047 -1.378534
39.458900 -1.516670
38.713664 -1.670745
37.968428 -1.824820
37.184660 -1.986861
36.439424 -2.140936
35.796982 -2.273758
34.987484 -2.441119
34.306510 -2.581908
33.728304 -2.701450
32.918832 -2.868805
32.122186 -3.033509
31.441212 -3.174297
30.644567 -3.339001
29.989272 -3.474481
29.218357 -3.633864
28.563062 -3.769344
27.804974 -3.926076
27.072590 -4.077494
26.391591 -4.218288
25.710617 -4.359076
24.772645 -4.552998
24.181587 -4.675198
23.307878 -4.855834
22.691115 -4.983347
22.022968 -5.121484
21.110702 -5.310092
20.442580 -5.448223
19.684492 -5.604955
19.067729 -5.732468
18.091226 -5.934357
17.345990 -6.088432
16.587902 -6.245163
15.855518 -6.396581
15.161692 -6.540027
14.146606 -6.749892
12.810338 -7.026161
12.013692 -7.190864
10.536072 -7.496356
9.816541 -7.645117
9.045600 -7.804506
8.377479 -7.942638
7.696479 -8.083432
6.771361 -8.274697
6.103214 -8.412833
5.306593 -8.577532
4.715535 -8.699731
3.713328 -8.906933
3.045181 -9.045070
2.274240 -9.204459
1.618945 -9.339939
0.758088 -9.517918
0.025679 -9.669341
-0.693852 -9.818101
-1.516177 -9.988114
-2.171471 -10.123593
-2.929560 -10.280325
-3.674796 -10.434400
-4.445711 -10.593784
-5.229504 -10.755830
-5.833415 -10.880687
-6.591478 -11.037413
-7.362419 -11.196802
-8.146212 -11.358849
-8.955684 -11.526204
-9.533890 -11.645746
-10.343363 -11.813101
-11.101451 -11.969833
-11.769598 -12.107970
-12.604775 -12.280640
-13.542747 -12.474562
-14.789074 -12.732235
-15.521483 -12.883658
-16.472281 -13.080232
-17.294631 -13.250250
-17.924221 -13.380415
-18.566663 -13.513238
-19.466077 -13.699188
-20.082840 -13.826702
-20.956549 -14.007338
-21.611844 -14.142818
-22.369932 -14.299549
-23.076637 -14.445658
-23.911814 -14.618328
-24.605640 -14.761774
-25.350876 -14.915848
-26.134670 -15.077895
-26.789964 -15.213374
-27.715083 -15.404639
-28.434614 -15.553400
-29.192703 -15.710132
-29.873702 -15.850926
-30.631790 -16.007658
-31.723940 -16.233455
-32.867498 -16.469882
-33.625587 -16.626614
-34.255177 -16.756779
-35.077502 -16.926792
-35.797058 -17.075557
-36.555121 -17.232284
-37.261825 -17.378392
-37.942825 -17.519186
-38.790855 -17.694513
-39.523238 -17.845931
-40.332711 -18.013286
-40.910916 -18.132828
-41.527654 -18.260336
-42.529887 -18.467544
-43.185182 -18.603024
-43.866156 -18.817683
-44.727038 -19.726370
-45.472274 -20.512989
-46.166126 -21.245370
-46.847125 -21.964185
-47.463862 -22.615169
-48.286187 -23.483158
-48.941482 -24.174841
-49.725275 -25.002157
-50.380570 -25.693840
-51.164363 -26.521157
-52.423543 -27.850259
-53.335809 -28.813183
-53.914015 -29.423496
-54.556457 -30.101613
-55.430191 -31.023865
-56.753633 -32.420797
-56.085486 -30.847304
-55.455896 -29.364614
-54.260953 -26.550512
-53.515692 -24.795414
-52.847570 -23.221981
-52.115161 -21.497151
-51.524129 -20.105264
-50.843129 -18.501504
-50.020804 -16.564920
-48.735894 -13.538945
-48.003511 -11.814175
-47.296832 -10.149939
-46.615833 -8.546179
-45.921981 -6.912152
-45.215302 -5.799930
-44.521450 -5.524677
-43.801919 -5.239237
-43.069535 -4.948699
-42.388536 -4.678544
-41.476270 -4.316645
-40.152828 -3.791632
-39.369035 -3.480699
-38.739445 -3.230939
-37.981357 -2.930203
-37.223268 -2.629467
-36.478032 -2.333830
-35.771353 -2.053489
-35.000413 -1.747654
-34.370823 -1.497894
-33.587030 -1.186961
-32.751852 -0.855644
-32.070853 -0.585489
-31.364174 -0.305148
-30.516144 0.031268
-29.886554 0.281028
-29.192703 0.556281
-28.434614 0.857017
-27.637994 1.173039
-27.034084 1.412612
-26.031876 1.810190
-25.363729 2.075246
-24.644198 2.360686
-23.988903 2.620644
-23.217962 2.926478
-22.421342 3.242500
-21.663254 3.543235
-20.879460 3.854168
-20.198461 4.124323
-19.350457 4.460729
-18.630900 4.746179
-17.949926 5.016323
-17.178985 5.322158
-16.485133 5.597411
-15.482926 5.994989
-14.827631 6.254947
-14.069543 6.555683
-13.414248 6.815640
-12.579071 7.146957
-11.820982 7.447693
-11.165688 7.707650
-10.433304 7.998189
-9.778009 8.258146
-8.968537 8.579266
-8.146212 8.905485
-7.465212 9.175639
-6.797065 9.440695
-6.064682 9.731234
-5.229504 10.062551
-4.522826 10.342893
-3.854679 10.607949
-3.083738 10.913783
-2.364207 11.199223
-1.580413 11.510156
-0.796646 11.821079
-0.064262 12.111618
0.603885 12.376674
2.068678 12.957761
2.839593 13.263586
3.636239 13.579617
4.432859 13.895639
5.242331 14.216759
5.833389 14.451233
6.578625 14.746871
7.323861 15.042508
8.274685 15.419702
8.891422 15.664364
9.572422 15.934518
10.343337 16.240343
11.075746 16.530891
11.846662 16.836716
12.617602 17.142550
13.337134 17.427990
14.056665 17.713431
14.917547 18.054945
15.714193 18.370977
16.369462 18.630924
17.204639 18.962241
17.949875 19.257878
19.491757 19.869547
20.249845 20.170283
20.930819 20.440427
21.804554 20.787041
22.498380 21.062283
23.256469 21.363019
24.091646 21.694337
24.734088 21.949195
25.556413 22.275414
26.481532 22.642411
27.804974 23.167424
28.473121 23.432480
30.092066 24.074721
31.544006 24.650709
32.250685 24.931051
33.754009 25.527424
34.499245 25.823061
35.090278 26.057526
35.835514 26.353163
36.670691 26.684480
37.428780 26.985216
38.186868 27.285952
38.893547 27.566294
39.561694 27.831349
40.486813 28.198347
41.090698 28.437910
41.797402 28.718261
42.658259 29.059766
44.071642 29.620459
44.739789 29.885515
45.395083 30.145472
46.178851 30.456395
46.949792 30.762229
47.669323 31.047669
48.453116 31.358602
49.108411 31.618560
49.943588 31.949877
50.624562 32.220021
51.305562 32.490176
52.050798 32.785813
52.796034 33.081450
53.541270 33.377088
54.196539 33.637035
54.890391 33.912288
55.751273 34.253802
56.380863 34.503562
55.507128 32.256186
54.916095 30.735962
54.260801 29.050446
53.477008 27.034412
52.192123 23.729497
51.549681 22.077039
50.881534 20.358465
50.072061 18.276380
49.455324 16.690039
48.684383 14.707064
48.054793 13.087664
47.309557 11.170805
46.602879 9.353122
45.806233 7.304030
45.099554 5.486346
44.444260 3.800830
43.737581 1.983146
42.966640 0.000171
42.247109 -1.041005
41.553257 -1.183643
40.808021 -1.336845
39.985696 -1.505894
38.559486 -1.799087
37.852782 -1.944367
37.184660 -2.081716
36.285221 -2.266618
35.668483 -2.393404
35.013189 -2.528116
34.242248 -2.686601
33.664068 -2.805461
32.854570 -2.971873
32.057950 -3.135638
31.402655 -3.270350
30.490389 -3.457889
29.835094 -3.592601
29.115563 -3.740518
28.460268 -3.875230
27.702180 -4.031074
27.072590 -4.160502
26.147471 -4.350683
25.479324 -4.488037
24.721236 -4.643880
24.053114 -4.781229
23.384967 -4.918583
22.601174 -5.079711
21.830259 -5.238192
21.046465 -5.399320
20.314082 -5.549880
19.620230 -5.692518
18.849315 -5.850999
18.052669 -6.014769
17.294606 -6.170607
16.575049 -6.318530
15.739872 -6.490221
15.046046 -6.632854
14.223721 -6.801904
13.555574 -6.939258
12.771780 -7.100386
11.988013 -7.261509
11.204219 -7.422637
10.587482 -7.549422
9.726600 -7.726398
9.084158 -7.858468
8.197596 -8.040722
7.452360 -8.193924
6.681419 -8.352410
6.013272 -8.489764
5.242331 -8.648250
4.471416 -8.806730
3.816121 -8.941442
3.006623 -9.107855
2.145767 -9.284825
1.541856 -9.408974
0.680974 -9.585949
-0.038557 -9.733867
-0.732384 -9.876500
-1.606118 -10.056118
-2.312797 -10.201393
-3.019501 -10.346673
-3.803269 -10.507796
-4.509973 -10.653077
-5.512181 -10.859105
-6.707124 -11.104755
-7.439508 -11.255315
-8.030566 -11.376821
-9.032773 -11.582850
-9.675216 -11.714920
-10.433304 -11.870763
-11.101451 -12.008118
-11.743893 -12.140187
-12.656160 -12.327726
-13.401396 -12.480928
-14.172336 -12.639414
-14.866188 -12.782052
-15.855544 -12.985439
-16.575075 -13.133356
-17.230369 -13.268068
-17.962753 -13.418627
-18.643752 -13.558624
-19.581724 -13.751447
-20.301255 -13.899364
-20.943697 -14.031434
-21.766047 -14.200488
-22.421342 -14.335200
-23.217962 -14.498965
-24.001755 -14.660093
-24.901169 -14.844990
-26.237463 -15.119698
-26.995552 -15.275542
-27.727935 -15.426102
-28.460319 -15.576661
-29.089909 -15.706089
-30.002175 -15.893628
-30.721732 -16.041550
-31.531204 -16.207957
-32.173647 -16.340027
-33.047381 -16.519645
-33.754060 -16.664920
-34.435059 -16.804916
-35.180295 -16.958118
-35.874147 -17.100756
-36.580826 -17.246032
-37.390299 -17.412439
-38.007061 -17.539230
-38.970737 -17.737337
-39.574622 -17.861480
-40.551151 -18.062230
-41.180741 -18.191658
-41.861740 -18.331654
-42.594124 -18.482213
-43.326507 -18.632773
-43.917565 -18.871948
-44.701333 -19.699238
-45.497979 -20.540121
-46.089037 -21.164000
-46.808568 -21.923487
-47.643745 -22.805041
-48.221951 -23.415354
-49.005744 -24.242671
-49.661039 -24.934354
-50.419102 -25.734512
-51.164363 -26.521157
-51.896747 -27.294210
-52.539189 -27.972327
-53.387219 -28.867447
-54.016808 -29.531998
-54.672103 -30.223681
-55.468749 -31.064564
-56.124043 -31.756246
-56.894984 -32.569997
-56.072634 -30.633354
-55.417339 -29.090129
-54.235248 -26.306294
-53.567101 -24.732802
-52.873250 -23.098774
-52.140866 -21.374003
-51.511276 -19.891313
-50.791745 -18.196810
-50.213539 -16.835131
-49.468303 -15.080093
-48.723067 -13.325055
-48.042068 -11.721295
-47.296832 -9.966257
-46.667217 -8.483507
-45.138213 -5.738531
-44.560007 -5.509319
-43.737682 -5.183333
-43.056683 -4.913371
-42.465625 -4.679063
-41.579063 -4.327612
-40.859507 -4.042366
-40.114271 -3.746939
-39.446149 -3.482082
-38.623799 -3.156086
-37.878563 -2.860659
-37.223268 -2.600887
-36.413796 -2.279996
-35.822738 -2.045689
-35.000413 -1.719703
-34.255177 -1.424276
-33.587030 -1.159409
-32.739000 -0.823233
-31.222823 -0.222190
-30.606086 0.022297
-29.950791 0.282069
-29.154171 0.597865
-28.383230 0.903482
-27.650846 1.193814
-26.828496 1.519810
-26.096112 1.810141
-25.376581 2.095378
-24.489994 2.446839
-23.898962 2.681136
-23.140873 2.981658
-22.421342 3.266894
-21.740343 3.536856
-20.789519 3.913782
-19.401841 4.463886
-18.630900 4.769502
-17.859959 5.075119
-17.153280 5.355260
-16.395192 5.655782
-15.547162 5.991958
-14.930425 6.236445
-14.043838 6.587906
-13.285775 6.888417
-12.694717 7.122725
-11.808130 7.474186
-11.229950 7.703388
-10.330510 8.059944
-9.610979 8.345181
-8.955684 8.604953
-8.184744 8.910569
-7.516597 9.175436
-6.694272 9.501422
-5.949036 9.796849
-5.293741 10.056621
-4.535653 10.357142
-3.867531 10.621999
-3.045206 10.947985
-2.338502 11.228137
-1.606118 11.518469
-0.976528 11.768051
-0.192735 12.078762
0.629590 12.404749
1.439062 12.725640
2.068678 12.975232
2.903855 13.306313
3.649091 13.601740
4.381475 13.892071
5.190947 14.212963
5.820537 14.462545
6.514389 14.737601
7.336714 15.063588
8.056245 15.348824
8.865718 15.669716
9.521012 15.929488
10.202012 16.199449
11.062894 16.540721
11.859514 16.856517
12.514809 17.116289
13.401370 17.467740
14.030985 17.717332
14.866163 18.048413
15.688488 18.374399
16.343782 18.634171
17.166107 18.960157
18.026990 19.301428
18.746521 19.586665
19.427520 19.856627
20.224140 20.172423
21.007908 20.483125
21.830259 20.809121
22.511233 21.079073
23.230764 21.364309
24.117351 21.715770
24.849734 22.006102
25.530734 22.276064
26.365911 22.607145
27.021206 22.866917
27.856383 23.197998
28.537357 23.467950
29.244061 23.748102
29.989272 24.043518
30.657419 24.308385
31.505449 24.644561
32.237832 24.934893
33.047305 25.255784
33.728304 25.525746
34.396451 25.790613
35.270161 26.136969
35.874071 26.376371
36.670691 26.692168
37.415927 26.987594
38.238252 27.313580
38.906399 27.578447
39.613078 27.858589
40.294077 28.128551
41.244901 28.505477
41.938727 28.780523
42.671111 29.070855
43.364963 29.345912
44.045937 29.615864
44.842582 29.931670
45.703439 30.272931
47.065438 30.812855
47.746412 31.082807
48.504500 31.383328
49.198352 31.658385
49.917883 31.943622
50.650267 32.233953
51.382651 32.524285
52.153591 32.829901
52.796034 33.084578
53.502712 33.364720
54.183712 33.634682
55.070273 33.986133
55.969687 34.342679
57.113246 34.796008
57.819925 35.076150
58.513777 35.351207
59.271840 35.651719
59.939987 35.916585
60.633839 36.191642
61.327665 36.466689
62.098606 36.772306
62.805285 37.052447
63.486284 37.322409
64.154406 38.095311
64.745464 39.346855
65.542084 41.033670
66.313025 42.666109
66.929762 43.972028
67.674998 45.550038
68.330293 46.937600
69.126913 48.624415
69.795060 50.039192
70.463207 51.453969
71.272679 53.167998
71.850885 54.392327
72.660358 56.106356
73.508387 57.902028
74.716183 60.459491
75.589892 60.777527
76.913334 57.835682
77.658570 56.179116
79.174721 52.808901
80.523842 49.809973
81.217694 48.267627
82.027166 46.468271
82.682461 45.011633
83.427697 43.355067
84.185785 41.669931
84.853907 40.184780
85.868967 37.928428
86.472878 36.586011
87.102467 35.186512
87.950497 33.301447
89.518033 29.817012
90.211885 28.274666
90.944268 26.646669
91.715209 24.932964
92.331946 23.562034
91.162708 20.554578
90.571650 19.034288
89.967765 17.481005
88.785649 14.440426
88.104675 12.688858
86.652760 8.954316
85.997466 7.268800
85.355024 5.616342
84.018730 2.179194
83.389140 0.559794
82.669609 -0.988147
82.065724 -1.072858
81.230546 -1.190013
80.600956 -1.278329
79.804311 -1.390079
79.213278 -1.472986
78.352396 -1.593747
77.620012 -1.696482
76.309423 -1.880326
75.641302 -1.974047
74.998834 -2.064170
74.099420 -2.190336
73.495535 -2.275046
72.814536 -2.370574
72.082152 -2.473309
71.491119 -2.556217
70.707326 -2.666164
69.936411 -2.774304
69.242559 -2.871635
68.625822 -2.958148
67.674998 -3.091525
66.955467 -3.192458
66.261615 -3.289788
65.477847 -3.399732
64.784021 -3.497059
63.948843 -3.614214
63.306401 -3.704333
62.638254 -3.798058
61.893018 -3.902596
61.186339 -4.001726
60.286900 -4.127895
59.670163 -4.214408
58.989163 -4.309936
58.115454 -4.432496
57.511544 -4.517210
56.792012 -4.618143
56.033924 -4.724484
55.301540 -4.827220
53.811094 -5.036293
53.130094 -5.131820
52.449095 -5.227348
51.613918 -5.344503
50.162003 -5.548171
49.301121 -5.668932
48.632999 -5.762653
47.900615 -5.865389
47.155379 -5.969927
46.384439 -6.078071
45.574966 -6.191621
44.816878 -6.297962
44.123051 -6.395289
43.172228 -6.528666
41.874491 -6.710707
41.142107 -6.813443
40.409724 -6.916178
39.664488 -7.020717
38.880694 -7.130664
38.161163 -7.231596
37.441632 -7.332529
36.645012 -7.444275
35.822661 -7.559631
35.154540 -7.653352
34.422156 -7.756088
33.766862 -7.848010
32.905979 -7.968770
32.173596 -8.071506
31.479744 -8.168836
30.657419 -8.284189
29.950740 -8.383318
29.154095 -8.495068
28.447416 -8.594198
27.715032 -8.696934
26.982649 -8.799669
26.070382 -8.927638
25.479324 -9.010549
24.644147 -9.127704
23.950320 -9.225031
23.333558 -9.311548
22.318497 -9.453936
21.688908 -9.542252
20.956524 -9.644987
20.211288 -9.749526
19.504609 -9.848656
18.720816 -9.958603
17.937048 -10.068546
17.076166 -10.189307
16.433724 -10.279426
15.482900 -10.412803
14.840458 -10.502922
14.133779 -10.602052
13.375691 -10.708393
12.489104 -10.832760
11.589690 -10.958926
10.369042 -11.130153
9.482480 -11.254516
8.865718 -11.341033
7.850657 -11.483421
7.272477 -11.564525
6.527241 -11.669064
5.756300 -11.777208
5.088153 -11.870933
4.265828 -11.986285
3.494888 -12.094429
2.813888 -12.189957
2.132914 -12.285481
1.361973 -12.393625
0.501091 -12.514386
-0.205588 -12.613515
-1.079322 -12.736079
-1.824558 -12.840617
-2.659736 -12.957772
-3.237916 -13.038877
-4.098798 -13.159638
-4.741240 -13.249757
-5.447944 -13.348890
-6.206033 -13.455231
-6.925564 -13.556164
-7.799273 -13.678724
-8.377479 -13.759832
-9.161272 -13.869779
-10.009302 -13.988737
-10.664596 -14.080659
-11.422685 -14.187000
-12.103659 -14.282524
-13.080187 -14.419508
-13.786866 -14.518637
-14.480718 -14.615968
-15.238806 -14.722309
-15.945485 -14.821439
-16.844899 -14.947605
-17.474514 -15.035924
-18.219750 -15.140463
-19.029223 -15.254012
-19.710222 -15.349540
-20.571079 -15.470297
-21.239226 -15.564022
-21.971610 -15.666757
-22.626904 -15.758679
-23.513491 -15.883046
-24.374373 -16.003806
-25.055347 -16.099330
-25.710642 -16.191252
-27.393849 -16.427365
-28.113406 -16.528301
-28.845789 -16.631037
-29.501084 -16.722959
-30.426203 -16.852730
-31.055793 -16.941046
-31.762497 -17.040180
-32.584822 -17.155532
-33.381442 -17.267278
-34.049589 -17.361003
-34.743441 -17.458334
-35.565766 -17.573686
-36.311002 -17.678224
-36.914912 -17.762938
-37.878563 -17.898115
-38.508178 -17.986434
-39.330503 -18.101786
-40.062887 -18.204522
-41.501974 -18.406391
-42.195801 -18.503718
-42.992446 -18.615468
-43.647741 -18.707390
-44.482918 -19.468695
-45.189597 -20.214615
-45.909154 -20.974128
-46.641537 -21.747181
-47.258275 -22.398166
-48.003511 -23.184784
-48.748747 -23.971403
-49.429746 -24.690218
-50.213539 -25.517535
-50.907366 -26.249889
-51.626922 -27.009402
-52.372158 -27.796021
-53.014601 -28.474138
-53.862630 -29.369258
-54.453688 -29.993138
-55.198924 -30.779756
-55.957013 -31.579941
-56.663692 -32.325861
-57.408928 -33.112480
-58.141311 -33.885532
-58.758074 -34.536544
-59.528989 -35.350268
-60.274251 -36.136913
-61.058019 -36.964203
-61.854664 -37.805086
-63.190958 -39.215584
-64.038988 -40.110705
-64.758519 -40.870191
-66.030551 -42.212859
-66.737255 -42.958806
-67.546728 -43.813228
-68.394758 -44.708349
-69.641110 -46.023911
-70.463435 -46.891899
-71.144435 -47.610714
-71.889671 -48.397333
-72.609227 -49.156846
-73.200260 -49.780698
-73.996906 -50.621581
-74.703584 -51.367502
-75.513082 -52.221951
-76.245466 -52.167495
-76.964997 -50.072319
-77.800200 -47.640324
-78.468322 -45.694846
-79.239262 -43.449972
-79.856025 -41.654044
-80.704055 -39.529413
-81.385054 -38.816710
-82.323026 -37.835072
-82.939763 -37.189622
-83.723556 -36.369340
-84.481645 -35.575959
-85.188323 -34.836381
-85.972117 -34.016099
-86.743057 -33.209267
-87.552530 -32.362110
-88.233529 -31.649407
-89.325704 -30.506386
-89.916737 -29.887839
-90.790471 -28.973428
-91.754147 -27.964888
-92.396589 -27.292537
-93.308856 -26.337801
-94.054117 -25.557844
-94.747944 -24.831717
-94.118354 -23.350938
-93.488764 -21.870159
-92.782060 -20.208010
-92.126765 -18.666774
-90.726235 -15.372763
-90.032383 -13.740842
-89.325704 -12.078752
-88.670384 -10.537456
-87.835207 -8.573141
-87.218469 -7.122591
-86.550322 -5.895455
-85.843618 -5.820333
-85.239733 -5.756139
-84.417383 -5.668723
-83.672147 -5.589504
-83.016852 -5.519846
-82.297321 -5.443360
-81.603469 -5.369603
-80.781144 -5.282190
-80.164381 -5.216628
-79.470555 -5.142874
-78.686762 -5.059556
-77.967230 -4.983070
-77.234847 -4.905217
-76.425349 -4.819167
-75.808611 -4.753608
-75.089055 -4.677118
-74.151084 -4.577412
-73.470084 -4.505021
-72.776258 -4.431267
-72.120963 -4.361609
-71.182992 -4.261903
-70.527697 -4.192245
-69.718199 -4.106195
-69.050052 -4.035170
-68.369078 -3.962783
-67.341140 -3.853512
-66.017724 -3.712833
-65.259636 -3.632248
-63.666370 -3.462883
-63.023902 -3.394588
-62.252987 -3.312640
-61.482046 -3.230688
-60.685401 -3.146005
-60.068663 -3.080445
-59.246338 -2.993032
-58.501077 -2.913810
-57.781546 -2.837324
-56.882132 -2.741716
-55.558690 -2.601034
-54.826306 -2.523181
-53.335809 -2.364740
-52.603425 -2.286888
-51.909599 -2.213134
-51.112953 -2.128450
-50.496216 -2.062891
-49.661039 -1.974111
-48.787304 -1.881233
-48.132009 -1.811575
-47.502420 -1.744649
-46.577275 -1.646306
-45.960538 -1.580746
-45.163918 -1.496065
-44.508598 -1.426405
-43.789067 -1.349918
-42.928184 -1.258406
-42.272890 -1.188748
-41.501974 -1.106799
-40.718181 -1.023482
-39.908709 -0.937435
-39.189152 -0.860946
-38.533857 -0.791288
-37.724385 -0.705240
-36.914912 -0.619193
-36.118267 -0.534509
-35.450120 -0.463485
-34.769120 -0.391095
-33.908263 -0.299585
-32.443471 -0.143877
-31.608293 -0.055098
-30.991556 0.010462
-30.182083 0.096509
-29.462527 0.172998
-28.665907 0.257679
-27.946350 0.334168
-27.175435 0.416117
-26.404494 0.498068
-25.633553 0.580020
-24.875465 0.660605
-24.065992 0.746652
-23.372140 0.820409
-22.472726 0.916017
-21.740343 0.993869
-21.085048 1.063527
-20.352664 1.141380
-19.594576 1.221965
-18.836488 1.302550
-18.001310 1.391330
-17.294631 1.466450
-16.536543 1.547035
-15.945485 1.609865
-15.097455 1.700011
-14.300835 1.784692
-13.465658 1.873471
-12.681864 1.956789
-11.910924 2.038740
-11.140008 2.120689
-10.433304 2.195812
-9.700920 2.273664
-8.955684 2.352883
-8.210448 2.432102
-7.413828 2.516783
-6.707124 2.591906
-6.000445 2.667026
-5.255209 2.746245
-4.535653 2.822734
-3.777590 2.903317
-3.032354 2.982535
-2.274265 3.063120
-1.606118 3.134145
-0.873735 3.211997
0.012852 3.306242
0.706679 3.379996
1.374826 3.451020
2.042973 3.522044
3.045181 3.628580
3.790417 3.707798
4.574210 3.791116
5.319446 3.870335
6.681419 4.015113
7.452360 4.097064
8.159039 4.172185
9.032773 4.265063
10.446131 4.415303
11.255629 4.501353
12.065102 4.587400
12.694691 4.654326
13.606958 4.751300
14.352194 4.830519
15.123135 4.912471
15.855518 4.990323
16.819194 5.092762
17.410227 5.155589
18.206872 5.240273
19.042050 5.329053
19.774433 5.406905
20.429728 5.476563
21.277758 5.566709
21.945879 5.637731
22.806762 5.729243
23.577702 5.811194
24.310086 5.889047
24.991060 5.961435
25.787706 6.046118
26.507237 6.122605
27.303857 6.207286
28.036266 6.285141
28.820034 6.368456
29.501033 6.440846
30.207712 6.515967
31.042889 6.604746
31.788125 6.683965
32.597598 6.770012
33.329982 6.847865
34.100922 6.929816
35.013189 7.026791
36.285221 7.162008
36.979073 7.235765
37.711456 7.313617
38.572338 7.405130
39.253312 7.477517
40.101342 7.567663
40.782342 7.640054
41.463316 7.712441
42.311345 7.802587
43.030877 7.879074
43.840375 7.965124
44.508496 8.036145
45.510729 8.142683
46.885555 8.288828
47.579382 8.362582
48.324618 8.441800
49.211179 8.536042
50.688799 8.693114
51.459740 8.775065
52.115034 8.844723
52.924507 8.930770
53.772537 9.020916
54.427831 9.090574
55.237304 9.176621
56.072481 9.265401
56.676392 9.329597
57.601485 9.427935
58.205395 9.492131
59.785809 9.660129
60.453956 9.731154
61.263428 9.817201
62.034344 9.899149
62.676786 9.967441
63.473432 10.052125
64.270052 10.136806
65.002435 10.214659
65.734819 10.292511
66.480055 10.371730
67.238143 10.452315
67.944822 10.527435
68.882793 10.627142
70.309003 10.778749
70.990003 10.851139
70.026352 8.376167
69.268264 6.429146
68.574412 4.647106
67.816349 2.700150
67.173907 1.050147
66.364409 -0.311281
65.683435 -0.354728
64.989583 -0.398996
64.257199 -0.445723
63.679019 -0.482611
62.843842 -0.535896
62.008664 -0.589180
61.314813 -0.633449
60.556724 -0.681815
59.888603 -0.724442
58.989163 -0.781826
57.691452 -0.864621
56.946216 -0.912168
56.136718 -0.963814
55.352950 -1.013819
54.684803 -1.056447
53.926715 -1.104814
53.168652 -1.153178
52.320622 -1.207283
51.678180 -1.248271
50.855855 -1.300736
50.251944 -1.339266
49.506708 -1.386813
48.620147 -1.443376
47.926295 -1.487644
47.129675 -1.538469
46.371586 -1.586835
45.562114 -1.638480
44.932524 -1.678648
44.161583 -1.727835
43.403495 -1.776201
42.735373 -1.818828
41.835934 -1.876212
41.180639 -1.918021
40.499665 -1.961467
39.690192 -2.013112
38.829310 -2.068037
38.058369 -2.117223
37.403075 -2.159031
36.645012 -2.207396
35.861219 -2.257403
34.486393 -2.345117
33.741157 -2.392664
32.995921 -2.440210
32.224980 -2.489397
30.747360 -2.583670
29.950740 -2.634495
29.295446 -2.676303
28.498825 -2.727128
26.995501 -2.823041
26.301649 -2.867309
25.543561 -2.915675
24.772645 -2.964860
24.117351 -3.006668
23.295026 -3.059133
22.626879 -3.101761
21.830259 -3.152586
20.982229 -3.206691
20.365466 -3.246041
19.645935 -3.291947
18.836462 -3.343592
18.014137 -3.396057
17.076166 -3.455900
15.778429 -3.538696
15.007488 -3.587883
14.249400 -3.636249
13.452780 -3.687074
12.681839 -3.736261
11.910924 -3.785445
11.255629 -3.827254
10.407599 -3.881358
9.636658 -3.930545
8.891422 -3.978091
8.146186 -4.025638
7.336714 -4.077283
6.398743 -4.137126
5.229479 -4.211725
4.368622 -4.266649
3.661918 -4.311737
2.711120 -4.372398
2.004416 -4.417486
1.413383 -4.455195
0.565353 -4.509299
-0.925119 -4.604392
-1.721764 -4.655219
-2.454148 -4.701945
-3.096590 -4.742933
-4.060266 -4.804417
-4.741240 -4.847863
-5.486476 -4.895410
-6.218860 -4.942136
-7.812126 -5.043787
-8.467420 -5.085596
-9.212656 -5.133142
-9.880803 -5.175770
-10.536098 -5.217578
-11.448364 -5.275781
-12.180748 -5.322508
-13.028778 -5.376613
-13.709777 -5.420061
-14.416456 -5.465147
-15.251633 -5.518432
-16.112515 -5.573357
-16.780662 -5.615985
-18.296839 -5.712718
-19.054928 -5.761085
-19.735902 -5.804531
-20.545400 -5.856178
-21.290636 -5.903724
-22.048724 -5.952091
-22.819639 -6.001275
-23.603433 -6.051282
-24.322964 -6.097188
-25.183846 -6.152113
-25.890525 -6.197200
-26.635761 -6.244746
-27.445259 -6.296393
-28.190495 -6.343939
-28.820085 -6.384107
-29.745203 -6.443130
-30.439055 -6.487399
-31.171439 -6.534125
-32.058000 -6.590688
-32.674763 -6.630038
-33.535645 -6.684963
-34.255177 -6.730869
-34.871914 -6.770218
-35.771353 -6.827602
-36.490885 -6.873509
-37.223268 -6.920235
-38.032766 -6.971882
-38.765150 -7.018608
-39.536091 -7.067795
-40.268474 -7.114521
-41.000858 -7.161248
-41.797478 -7.212073
-42.619828 -7.264539
-43.390744 -7.313724
-43.981802 -7.351434
-44.727038 -7.398980
-45.613625 -7.455545
-46.230362 -7.494893
-46.975598 -7.542440
-47.695155 -7.588348
-48.466070 -7.637533
-49.069981 -7.676062
-49.776659 -7.721149
-50.714631 -7.780992
-51.421335 -7.826080
-52.166571 -7.873627
-52.834718 -7.916255
-53.682748 -7.970360
-54.440836 -8.018726
-55.121810 -8.062173
-55.957013 -8.203155
-56.676544 -8.461441
-57.447485 -8.738182
-58.205573 -9.010309
-58.963662 -9.282436
-59.670340 -9.536109
-60.299930 -9.762109
-61.147960 -10.066522
-61.906048 -10.338649
-62.625605 -10.596944
-63.383693 -10.869071
-64.141756 -11.141189
-64.822756 -11.385644
-65.606549 -11.666998
-66.300401 -11.916066
-67.251199 -12.257369
-67.880814 -12.483379
-68.626050 -12.750892
-69.332729 -13.004565
-70.232168 -13.327432
-71.067346 -13.627231
-71.735493 -13.867072
-71.041641 -12.235471
-69.975197 -9.727714
-68.793081 -6.947955
-68.034992 -5.873836
-67.353993 -5.792488
-66.403169 -5.678909
-65.054048 -5.517752
-64.373049 -5.436405
-62.869724 -5.256828
-62.085931 -5.163201
-61.327843 -5.072645
-60.672548 -4.994368
-59.734577 -4.882324
-59.040751 -4.799444
-58.398308 -4.722702
-57.524574 -4.618332
-56.869279 -4.540055
-56.111191 -4.449499
-55.288866 -4.351269
-54.633571 -4.272992
-53.978277 -4.194715
-53.168779 -4.098018
-52.359306 -4.001324
-51.588365 -3.909232
-50.868834 -3.823282
-50.085041 -3.729655
-49.416894 -3.649843
-48.620274 -3.554684
-47.887865 -3.467196
-47.194038 -3.384316
-46.435950 -3.293760
-45.780655 -3.215483
-44.958330 -3.117253
-44.213094 -3.028232
-43.622036 -2.957628
-42.761154 -2.854793
-42.093007 -2.774981
-41.322066 -2.682890
-40.564003 -2.592336
-39.831594 -2.504848
-38.855091 -2.388201
-37.557354 -2.233182
-36.773561 -2.139556
-36.092562 -2.058208
-35.283089 -1.961514
-34.537853 -1.872493
-33.766912 -1.780402
-32.995972 -1.688310
-32.366382 -1.613104
-31.569762 -1.517945
-30.798821 -1.425853
-29.963643 -1.326089
-29.359733 -1.253950
-28.486024 -1.149582
-27.727935 -1.059026
-27.046936 -0.977679
-26.288848 -0.887122
-25.492227 -0.791964
-24.605640 -0.686058
-23.988903 -0.612387
-23.166578 -0.514157
-22.459874 -0.429739
-21.676106 -0.336115
-20.969402 -0.251697
-20.301255 -0.171885
-19.478930 -0.073656
-18.618048 0.029180
-17.924221 0.112059
-17.127576 0.207221
-16.395192 0.294707
-15.637104 0.385263
-14.968957 0.465075
-13.979601 0.583257
-12.669012 0.739811
-11.820982 0.841111
-11.088599 0.928597
-10.304831 1.022221
-9.585274 1.108174
-8.840038 1.197195
-8.210448 1.272401
-7.413828 1.367560
-6.565798 1.468860
-5.884799 1.550208
-5.203800 1.631555
-4.214444 1.749737
-3.559150 1.828014
-2.865298 1.910897
-2.107235 2.001450
-1.336294 2.093542
-0.539648 2.188703
0.154178 2.271583
0.873709 2.357534
1.606093 2.445019
2.377034 2.537111
3.880358 2.716688
4.638446 2.807244
5.293741 2.885521
6.128918 2.985286
6.732803 3.057422
7.542301 3.154119
8.454568 3.263092
9.097010 3.339834
9.996424 3.447272
10.651719 3.525549
11.409807 3.616105
12.180748 3.708196
12.913131 3.795682
13.722604 3.892376
14.429283 3.976791
15.328722 4.084232
16.061106 4.171718
16.703548 4.248460
17.718608 4.369712
18.386755 4.449524
19.119139 4.537010
19.941464 4.635239
20.532522 4.705843
21.547582 4.827095
22.215704 4.906905
22.845319 4.982114
23.667644 5.080344
24.502821 5.180108
25.222352 5.266059
25.954736 5.353544
26.699972 5.442565
27.470913 5.534656
28.293238 5.632886
28.999917 5.717301
29.770857 5.809392
30.477536 5.893807
31.184240 5.978226
32.045097 6.081058
32.803186 6.171614
33.509864 6.256029
34.267953 6.346585
34.987484 6.432535
35.681336 6.515418
36.580750 6.622856
37.236044 6.701133
37.929896 6.784016
38.855015 6.894525
39.484605 6.969731
40.281225 7.064890
41.052166 7.156981
41.720313 7.236794
42.748200 7.359578
43.994553 7.508459
44.791173 7.603618
45.677760 7.709524
46.358734 7.790868
47.014028 7.869145
47.836353 7.967375
48.645851 8.064072
50.123471 8.240578
50.791593 8.320388
51.691032 8.427829
52.320622 8.503035
53.271420 8.616611
53.926715 8.694888
54.646271 8.780842
55.404334 8.871395
56.085334 8.952742
57.023305 9.064786
57.704279 9.146131
58.436662 9.233616
59.156219 9.319570
59.965692 9.416264
60.595281 9.491470
61.417606 9.589700
62.214227 9.684859
62.843842 9.760068
63.820345 9.876715
64.398550 9.945783
65.118082 10.031734
65.940407 10.129963
66.544292 10.202099
67.482263 10.314143
68.124705 10.390885
69.024119 10.498323
69.666561 10.575064
70.578853 10.684041
71.157033 10.753106
70.180530 8.245124
69.191175 5.704134
67.854881 2.272090
67.161054 0.490115
66.467203 -0.317774
65.580641 -0.374242
64.963904 -0.413524
64.270052 -0.457718
63.511963 -0.506004
62.805285 -0.551015
62.098606 -0.596026
61.327665 -0.645130
60.505340 -0.697507
59.837193 -0.740063
58.847838 -0.803079
57.614337 -0.881645
56.830570 -0.931567
55.237304 -1.033048
54.620566 -1.072330
53.836773 -1.122253
53.040153 -1.172992
51.588238 -1.265470
50.753061 -1.318666
50.007825 -1.366133
49.301121 -1.411145
48.491648 -1.462703
47.849206 -1.503623
47.014028 -1.556819
46.243113 -1.605921
45.626350 -1.645205
44.624142 -1.709039
44.045937 -1.745867
43.287874 -1.794151
42.594022 -1.838345
41.861638 -1.884993
41.013609 -1.939008
40.332635 -1.982381
39.548841 -2.032304
38.957783 -2.069951
38.045517 -2.128056
37.313133 -2.174705
36.683544 -2.214806
35.771277 -2.272911
35.128835 -2.313831
34.139480 -2.376846
32.944537 -2.452957
32.083654 -2.507790
31.402655 -2.551165
30.451831 -2.611727
29.192652 -2.691928
28.383179 -2.743487
27.689327 -2.787681
26.867002 -2.840058
26.108914 -2.888343
25.376530 -2.934991
24.695556 -2.978365
23.796117 -3.035654
23.140822 -3.077392
22.524085 -3.116674
21.688908 -3.169870
20.995081 -3.214062
20.236993 -3.262348
19.299022 -3.322090
18.656579 -3.363010
17.988432 -3.405567
17.127550 -3.460400
16.420871 -3.505411
15.624251 -3.556150
14.891842 -3.602800
14.133779 -3.651084
13.362838 -3.700188
12.591898 -3.749292
11.885219 -3.794303
11.101426 -3.844226
10.381894 -3.890055
9.508160 -3.945707
8.852865 -3.987445
8.056245 -4.038185
7.375246 -4.081560
6.398743 -4.143757
5.782005 -4.183040
5.139538 -4.223961
4.342917 -4.274700
3.597681 -4.322167
2.659710 -4.381910
1.965884 -4.426103
1.323442 -4.467022
0.501091 -4.519401
-0.128499 -4.559502
-1.079322 -4.620063
-1.824558 -4.667530
-2.505532 -4.710904
-3.225089 -4.756735
-4.060266 -4.809930
-4.728388 -4.852486
-5.537886 -4.904046
-6.244565 -4.949057
-6.912712 -4.991613
-7.979156 -5.059539
-9.289745 -5.143015
-9.983597 -5.187209
-10.870159 -5.243678
-11.615395 -5.291145
-12.322099 -5.336157
-13.182981 -5.390990
-14.532102 -5.476921
-15.315895 -5.526843
-16.035426 -5.572673
-16.883456 -5.626687
-17.564456 -5.670063
-18.463870 -5.727350
-19.209106 -5.774816
-19.851548 -5.815736
-20.583931 -5.862384
-21.277783 -5.906578
-22.241459 -5.967958
-22.883901 -6.008878
-23.706226 -6.061255
-24.438610 -6.107903
-25.209551 -6.157007
-25.967639 -6.205293
-26.777112 -6.256851
-27.496643 -6.302680
-28.306141 -6.354240
-29.102761 -6.404980
-29.758056 -6.446718
-30.567528 -6.498277
-31.325617 -6.546562
-32.045173 -6.592393
-32.726147 -6.635767
-33.561325 -6.688963
-34.280881 -6.734794
-34.987560 -6.779805
-35.912679 -6.838729
-36.632236 -6.884560
-37.364619 -6.931209
-38.174092 -6.982767
-38.906475 -7.029415
-39.536091 -7.069518
-40.396947 -7.124349
-41.142183 -7.171816
-41.925977 -7.221738
-42.581271 -7.263477
-43.313655 -7.310125
-44.084596 -7.359229
-44.829832 -7.406696
-45.613625 -7.456618
-46.268919 -7.498357
-47.206891 -7.558099
-48.504627 -7.640757
-49.365510 -7.695590
-50.033657 -7.738147
-50.778893 -7.785614
-51.549808 -7.834716
-52.269365 -7.880547
-52.988896 -7.926377
-53.914015 -7.985301
-54.556457 -8.026221
-55.327398 -8.075325
-56.059781 -8.240045
-56.702249 -8.470669
-57.588810 -8.788913
-58.282662 -9.037981
-59.002193 -9.296267
-59.798839 -9.582235
-60.454134 -9.817463
-61.173665 -10.075749
-61.970310 -10.361717
-62.728373 -10.633834
-63.409373 -10.878289
-64.462990 -11.256500
-65.760727 -11.722342
-66.416022 -11.957570
-67.302609 -12.275823
-68.150638 -12.580236
-69.448375 -13.046078
-70.283553 -13.345877
-71.748345 -13.871685
-70.848906 -11.756643
-69.564021 -8.735222
-68.767376 -6.861901
-68.124934 -5.883281
-67.405402 -5.797337
-66.570225 -5.697579
-65.850668 -5.611632
-65.105432 -5.522618
-64.450138 -5.444347
-62.959666 -5.266318
-62.163020 -5.171163
-61.327843 -5.071406
-60.595459 -4.983926
-59.837371 -4.893377
-59.066430 -4.801292
-58.398308 -4.721489
-57.614515 -4.627869
-56.907811 -4.543457
-56.059781 -4.442165
-55.340250 -4.356221
-54.684955 -4.277949
-53.914015 -4.185865
-53.297277 -4.112199
-52.397838 -4.004766
-51.626922 -3.912684
-50.907366 -3.826737
-50.264924 -3.750001
-49.352657 -3.641036
-48.645953 -3.556624
-47.952127 -3.473750
-47.206891 -3.384736
-46.346008 -3.281908
-45.048272 -3.126901
-44.225947 -3.028678
-43.557800 -2.948872
-42.825391 -2.861390
-42.080155 -2.772375
-41.322066 -2.681826
-40.525446 -2.586674
-39.805915 -2.500730
-39.086358 -2.414783
-38.315443 -2.322701
-37.518797 -2.227546
-36.722177 -2.132394
-36.131119 -2.061796
-35.231705 -1.954366
-34.602090 -1.879162
-33.715528 -1.773267
-32.983145 -1.685788
-32.404939 -1.616724
-31.479820 -1.506224
-30.798821 -1.424882
-30.027880 -1.332797
-29.231260 -1.237646
-28.653054 -1.168582
-27.727935 -1.058082
-26.892758 -0.958324
-26.224611 -0.878518
-25.453670 -0.786433
-24.849785 -0.714303
-23.963198 -0.608405
-23.140873 -0.510182
-22.459874 -0.428841
-21.714638 -0.339826
-20.828076 -0.233932
-20.237018 -0.163333
-19.427546 -0.066646
-18.630900 0.028509
-17.911369 0.114453
-17.114723 0.209608
-16.408044 0.294017
-15.624251 0.387637
-14.724837 0.495067
-13.375716 0.656212
-12.579071 0.751367
-11.808130 0.843451
-11.127156 0.924790
-10.317658 1.021480
-9.610979 1.105889
-8.788654 1.204111
-8.120507 1.283918
-7.362419 1.374467
-6.591478 1.466552
-5.820562 1.558633
-5.101006 1.644580
-4.407179 1.727454
-3.584854 1.825676
-2.826766 1.916226
-2.145767 1.997567
-1.310589 2.097325
-0.642442 2.177131
0.102794 2.266146
0.925119 2.364368
1.541856 2.438034
2.428443 2.543932
3.045181 2.617598
4.047388 2.737306
4.728388 2.818647
5.357978 2.893848
6.090361 2.981328
6.874154 3.074947
7.683627 3.171634
8.467420 3.265254
9.199804 3.352733
10.883011 3.553783
12.193575 3.710323
13.041605 3.811615
13.722604 3.892957
14.532077 3.989644
15.315870 4.083264
16.112490 4.178416
16.870578 4.268965
17.744313 4.373328
18.412435 4.453131
19.196228 4.546751
20.018553 4.644973
21.611819 4.835280
22.267113 4.913552
23.025202 5.004101
23.796117 5.096183
24.502821 5.180595
25.260910 5.271144
26.006120 5.360155
26.738529 5.447638
27.509445 5.539719
28.151887 5.616455
29.115563 5.731561
29.835094 5.817505
30.541773 5.901914
31.364123 6.000139
32.045097 6.081478
32.880275 6.181235
33.509864 6.256436
34.280805 6.348521
35.077425 6.443673
35.822661 6.532687
36.542218 6.618634
37.274602 6.706113
38.019838 6.795128
38.777901 6.885674
39.548841 6.977759
40.332635 7.071379
41.116402 7.164995
41.797402 7.246337
42.735373 7.358372
43.403495 7.438176
44.084494 7.519518
44.855435 7.611602
45.600671 7.700617
46.358734 7.791163
47.091117 7.878642
47.926295 7.978400
48.684383 8.068949
49.365383 8.150291
50.226239 8.253115
50.894386 8.332922
51.716711 8.431144
52.500505 8.524764
53.232888 8.612243
53.965272 8.699722
54.761892 8.794874
55.532833 8.886959
56.252364 8.972903
57.036157 9.066522
57.845630 9.163209
58.526604 9.244548
59.246160 9.330495
59.991396 9.419509
60.775164 9.513126
61.558957 9.606746
62.342725 9.700363
63.075109 9.787842
63.858902 9.881462
65.246555 10.047209
65.991791 10.136224
66.904057 10.245189
67.533672 10.320393
68.227499 10.403267
69.191175 10.518372
69.782207 10.588968
70.553148 10.681053
71.349768 10.776204
71.966506 10.849870
72.814536 10.951163
73.521240 11.035575
74.253623 11.123054
75.050244 11.218206
75.731243 11.299547
76.502158 11.391629
77.337336 11.491386
78.121129 11.585006
78.737866 11.658672
79.470250 11.746151
80.305427 11.988554
81.860136 12.816844
82.515431 13.165959
83.222109 13.542451
84.070139 13.994249
84.674024 14.315975
85.560611 14.788315
86.395763 15.233252
87.012526 15.561840
87.732057 15.945178
88.657176 16.438046
89.299618 16.780315
90.173327 17.245793
90.892859 17.629132
91.740888 18.080930
92.511829 18.491657
93.218508 18.868149
94.002301 19.285724
94.811774 18.049687
95.621246 16.250331
96.366482 16.069545
97.163103 16.003285
97.844102 15.946643
98.704959 15.875040
100.233988 15.747862
100.992051 15.684810
101.814376 15.616412
102.405434 15.567250
103.459026 15.479617
104.808172 15.367401
105.656177 15.296867
106.427118 15.232744
107.223738 15.166484
107.930442 15.107704
108.611416 15.051063
109.343800 14.990147
110.217534 14.917473
110.821419 14.867244
111.630892 14.799916
112.401833 14.735792
113.018570 14.684495
113.905132 14.610754
112.710189 11.541747
112.080599 9.924753
111.271126 7.845760
110.654389 6.261775
109.896300 4.314754
109.189622 2.499770
108.405828 0.486731
107.789091 -0.307922
107.133796 -0.339148
106.311471 -0.378333
105.681882 -0.408334
104.705379 -0.454866
104.101468 -0.483643
103.369085 -0.518542
102.623874 -0.554052
101.737287 -0.596299
101.017756 -0.630586
100.336756 -0.663037
99.681487 -0.694261
98.756368 -0.738345
98.023985 -0.773244
97.330133 -0.806307
96.572070 -0.842429
95.929628 -0.873043
95.132982 -0.911004
94.272125 -0.952025
93.616831 -0.983251
92.781653 -1.023048
92.087802 -1.056111
91.406828 -1.088561
90.468856 -1.133256
89.864971 -1.162032
89.055473 -1.200606
88.284558 -1.237341
87.603559 -1.269792
86.845496 -1.305915
86.061702 -1.343264
85.277935 -1.380611
84.506994 -1.417348
83.530491 -1.463880
82.284138 -1.523270
81.526050 -1.559394
80.767987 -1.595517
79.881400 -1.637764
79.277515 -1.666540
78.519426 -1.702664
77.787043 -1.737563
77.183158 -1.766339
76.270891 -1.809810
75.487098 -1.847159
74.806124 -1.879608
74.048036 -1.915732
73.328505 -1.950019
72.583269 -1.985531
71.709534 -2.027165
71.067092 -2.057779
70.270472 -2.095739
69.332500 -2.140434
67.957675 -2.205947
67.173907 -2.243295
66.505760 -2.275133
65.619173 -2.317380
64.886789 -2.352279
64.167258 -2.386566
63.460579 -2.420240
62.522608 -2.464936
61.212019 -2.527387
60.364014 -2.567796
58.873542 -2.638819
58.205395 -2.670657
57.473012 -2.705556
56.637834 -2.745354
55.956835 -2.777804
55.198772 -2.813927
54.325037 -2.855562
53.669743 -2.886787
52.834565 -2.926585
52.076477 -2.962709
51.254152 -3.001894
50.586030 -3.033731
49.725148 -3.074753
49.082706 -3.105366
48.337470 -3.140878
47.489440 -3.181288
46.769909 -3.215575
45.934732 -3.255372
45.266585 -3.287210
44.521349 -3.322722
43.660492 -3.363743
42.953788 -3.397418
42.285641 -3.429256
41.386227 -3.472115
40.743784 -3.502728
39.908607 -3.542526
39.124839 -3.579873
38.430987 -3.612936
37.660072 -3.649671
36.863426 -3.687633
36.092486 -3.724369
35.372954 -3.758656
34.666276 -3.792330
33.908187 -3.828454
33.111567 -3.866414
32.379183 -3.901313
31.633947 -3.936825
30.747360 -3.979072
30.066386 -4.011522
29.398239 -4.043360
28.563062 -4.083157
27.920620 -4.113770
26.918412 -4.161527
26.327354 -4.189692
25.620675 -4.223366
24.824030 -4.261327
24.053114 -4.298063
23.282173 -4.334799
22.588322 -4.367862
21.843086 -4.403374
20.995081 -4.443782
20.249845 -4.479294
19.530289 -4.513582
18.797905 -4.548481
18.001285 -4.586441
17.230344 -4.623178
16.305225 -4.667261
15.688488 -4.696649
14.917547 -4.733386
14.172311 -4.768897
13.465632 -4.802572
12.566193 -4.845431
11.833809 -4.880330
11.088573 -4.915842
10.458983 -4.945843
9.662363 -4.983803
8.788629 -5.025438
8.081950 -5.059112
7.195363 -5.101359
6.540068 -5.132585
5.782005 -5.168707
5.062449 -5.202995
4.342917 -5.237282
3.482035 -5.278304
2.685415 -5.316264
1.978711 -5.349940
1.246327 -5.384839
0.411150 -5.424637
-0.334086 -5.460148
-1.914500 -5.535457
-2.621178 -5.569131
-3.302178 -5.601582
-4.034561 -5.636481
-4.651299 -5.665870
-5.602122 -5.711178
-6.347358 -5.746689
-7.079742 -5.781588
-7.799273 -5.815875
-8.557362 -5.851999
-9.302598 -5.887511
-10.034981 -5.922410
-10.767390 -5.957310
-11.525453 -5.993433
-12.412040 -6.035680
-13.144424 -6.070579
-13.953896 -6.109152
-14.699132 -6.144663
-15.444368 -6.180175
-16.189604 -6.215686
-16.896309 -6.249362
-17.654397 -6.285486
-18.335371 -6.317935
-19.247663 -6.361407
-19.915784 -6.393244
-20.802371 -6.435491
-21.444814 -6.466105
-22.125813 -6.498555
-23.050932 -6.542639
-23.719079 -6.574477
-24.528551 -6.613049
-25.273787 -6.648561
-26.121817 -6.688971
-26.879906 -6.725095
-27.612289 -6.759994
-28.383230 -6.796730
-29.154171 -6.833467
-29.835145 -6.865916
-30.670322 -6.905714
-31.402706 -6.940613
-32.199351 -6.978574
-32.906030 -7.012248
-33.831174 -7.056333
-34.435059 -7.085109
-35.206000 -7.121845
-35.899827 -7.154907
-36.670767 -7.191644
-37.403151 -7.226543
-38.264033 -7.267565
-38.983564 -7.301852
-39.677416 -7.334915
-40.538298 -7.375937
-41.193593 -7.407163
-42.093007 -7.450021
-42.774006 -7.482472
-43.429301 -7.513697
-44.380125 -7.559006
-45.716419 -7.622682
-46.577275 -7.663703
-47.939274 -7.728604
-48.735894 -7.766564
-49.493983 -7.802688
-50.997307 -7.874324
-51.665454 -7.906162
-52.423543 -7.942286
-53.258720 -7.982083
-53.952572 -8.015147
-54.710660 -8.051271
-55.494428 -8.088618
-56.149723 -8.272331
-56.972073 -8.567526
-57.794398 -8.862712
-58.372604 -9.070267
-59.246338 -9.383907
-59.953017 -9.637579
-60.878136 -9.969664
-61.520578 -10.200278
-62.227282 -10.453960
-62.959666 -10.716860
-63.781991 -11.012046
-64.475843 -11.261114
-65.413814 -11.597813
-66.775787 -12.086713
-67.456787 -12.331168
-68.291964 -12.630967
-68.998668 -12.884649
-69.808141 -13.175221
-70.540550 -13.438130
-71.272933 -13.701029
-72.403640 -14.106913
-73.637140 -14.549696
-74.356671 -14.807982
-74.986261 -15.033983
-76.039878 -15.412194
-77.389025 -15.896490
-78.224202 -16.196289
-78.840940 -16.417676
-79.714674 -16.731316
-80.447058 -16.994216
-81.179467 -17.257125
-81.873293 -17.506184
-82.695644 -17.801379
-83.402322 -18.055052
-84.044765 -18.285666
-84.944204 -18.608533
-86.524617 -19.175845
-87.141380 -19.397241
-87.886616 -19.664755
-88.554763 -19.904596
-89.454177 -20.227454
-90.173734 -20.485749
-90.880413 -20.739422
-91.702738 -21.034607
-92.460826 -21.306734
-93.141825 -21.551189
-94.028412 -21.869442
-94.773648 -22.136956
-95.531737 -22.409083
-96.328382 -22.695050
-97.022209 -22.451574
-97.806002 -21.631292
-98.628327 -20.770684
-99.347884 -20.017628
-100.003178 -19.331827
-100.915445 -18.377090
-101.776327 -17.476130
-102.367385 -16.857556
-103.215415 -15.970046
-103.986355 -15.163215
-104.744444 -14.369834
-105.502532 -13.576453
-106.299152 -12.742746
-106.954472 -12.056918
-107.789650 -11.990350
-108.637680 -11.990350
-109.344358 -11.990350
-110.141004 -11.990350
-111.567239 -11.990350
-112.389564 -11.990350
-113.199062 -11.990350
-113.880062 -11.990350
-114.753796 -11.990350
-113.635917 -9.366209
-113.032032 -7.948633
-112.325328 -6.289695
-111.605797 -5.217986
-110.860535 -5.168382
-110.076767 -5.116216
-109.485709 -5.076876
-108.534886 -5.013590
-107.725388 -4.959711
-107.031561 -4.913531
-106.324857 -4.866494
-105.631031 -4.820314
-104.860090 -4.769001
-104.089149 -4.717689
-103.331061 -4.667231
-102.534415 -4.614208
-101.853416 -4.568882
-101.056796 -4.515860
-100.414328 -4.473098
-99.617708 -4.420076
-99.039502 -4.381592
-98.062974 -4.316595
-97.304885 -4.266138
-96.611059 -4.219958
-95.814413 -4.166935
-95.133414 -4.121608
-94.336794 -4.068586
-93.540148 -4.015563
-92.782060 -3.965106
-92.178149 -3.924910
-91.317293 -3.867613
-90.533499 -3.815445
-89.813943 -3.767552
-88.991618 -3.712819
-88.310618 -3.667493
-87.308411 -3.600788
-86.113468 -3.521254
-85.419616 -3.475072
-84.687232 -3.426326
-83.762088 -3.364750
-83.106793 -3.321134
-82.361557 -3.271532
-81.693410 -3.227062
-80.883938 -3.173184
-79.997351 -3.114174
-78.648230 -3.024379
-78.018615 -2.982473
-77.003554 -2.914912
-76.322555 -2.869585
-75.628729 -2.823405
-74.844935 -2.771237
-74.061142 -2.719069
-73.341611 -2.671178
-72.647759 -2.624996
-71.928228 -2.577105
-71.003109 -2.515531
-69.589726 -2.421458
-68.805933 -2.369290
-68.086402 -2.321399
-67.418255 -2.276928
-66.441726 -2.211932
-65.670786 -2.160619
-65.054048 -2.119570
-64.321665 -2.070824
-63.435078 -2.011814
-62.664137 -1.960501
-61.970310 -1.914321
-61.045166 -1.852745
-60.402724 -1.809985
-59.798839 -1.769791
-58.822311 -1.704795
-58.231253 -1.665455
-57.383223 -1.609011
-56.663692 -1.561120
-55.700016 -1.496980
-55.121810 -1.458495
-54.325190 -1.405473
-53.554249 -1.354161
-52.025220 -1.252391
-51.408482 -1.211342
-50.637542 -1.160029
-49.892306 -1.110427
-49.108512 -1.058259
-48.337597 -1.006948
-47.553804 -0.954780
-46.847125 -0.907744
-46.089037 -0.857287
-45.446569 -0.814525
-44.637096 -0.760648
-43.737682 -0.700784
-43.159477 -0.662300
-42.350004 -0.608423
-41.643300 -0.561385
-40.833827 -0.507508
-40.062887 -0.456195
-39.356182 -0.409158
-38.700888 -0.365543
-37.878563 -0.310810
-37.043385 -0.255222
-36.233913 -0.201345
-35.552913 -0.156018
-34.743441 -0.102141
-34.023884 -0.054248
-33.252969 -0.002937
-32.597674 0.040678
-31.826733 0.091991
-30.811673 0.159552
-30.233468 0.198036
-29.462527 0.249349
-28.704438 0.299806
-28.023464 0.345131
-27.124025 0.404996
-26.314552 0.458873
-25.569316 0.508475
-24.811228 0.558932
-23.924666 0.617941
-22.588372 0.706882
-21.791727 0.759906
-21.136432 0.803521
-20.057135 0.875358
-18.772251 0.960878
-17.975605 1.013901
-17.294631 1.059226
-16.485133 1.113105
-15.637104 1.169548
-14.956130 1.214873
-14.223721 1.263621
-13.285775 1.326049
-12.669012 1.367100
-11.833835 1.422688
-11.152835 1.468015
-10.446156 1.515050
-9.688068 1.565507
-8.891448 1.618529
-8.056270 1.674117
-7.349566 1.721155
-6.655740 1.767335
-5.846242 1.821214
-5.126711 1.869105
-4.407179 1.916996
-3.584854 1.971728
-2.826766 2.022186
-2.132914 2.068367
-1.387678 2.117969
-0.565353 2.172702
0.051384 2.213751
0.848030 2.266775
1.683207 2.322363
2.377034 2.368543
3.135122 2.419000
3.944595 2.472877
4.728388 2.525045
5.422214 2.571225
6.180303 2.621683
6.925539 2.671285
7.670775 2.720886
8.544509 2.779041
9.225483 2.824365
10.009276 2.876534
10.664571 2.920149
11.461191 2.973171
12.309221 3.029614
13.015925 3.076652
13.851103 3.132240
14.519224 3.176709
15.431516 3.237430
16.202431 3.288741
16.921988 3.336633
16.048253 1.096682
