0.000000 0.000000
0.000000 -0.000000
0.642442 1.806910
1.323442 3.679008
0.308356 -0.067222
-0.680999 -1.914085
-1.426235 -3.957790
-2.068678 -5.677890
-1.117854 -0.067933
-0.115646 0.630528
1.156386 3.216934
0.308356 -0.141072
-0.796646 -2.287201
-0.115646 0.284249
0.629590 1.817217
-0.244145 -0.860379
-1.246353 -3.391057
-0.565353 0.087755
0.745236 2.141794
-0.321234 -1.074360
-1.323442 -3.606287
-0.616763 0.076889
0.552501 1.694416
-0.205588 -0.742067
-1.349146 -3.666164
-0.642442 0.068730
0.552501 1.697429
1.182091 3.283330
0.424002 -0.062134
-0.192735 -0.945655
-0.835177 -2.384818
-0.089941 0.333209
0.513944 1.540901
1.092149 3.032438
1.927327 5.302697
3.122270 8.417550
2.377034 1.629011
1.631798 0.055222
1.040765 -0.168619
-0.128499 -1.364721
-0.706704 -2.381949
-1.426235 -3.975782
-2.107235 -5.779916
-3.482061 -9.330534
-2.505532 -1.354458
-1.875942 -0.138450
-0.822325 0.404899
0.321208 1.887483
0.950824 3.061234
2.132914 5.760512
1.400531 0.492092
0.680974 -0.189345
-0.449707 -1.771929
-1.773149 -4.746668
-0.925119 0.042732
0.218415 1.249587
0.860857 2.561710
1.554709 4.205720
0.693826 -0.123392
-0.359766 -1.412216
-1.092175 -3.011973
-1.708912 -4.524554
-2.312797 -6.099412
-1.439088 -0.313664
-0.732384 0.224574
0.244119 1.462701
0.899414 2.756248
2.184298 5.850302
1.323442 0.274713
0.693826 -0.191363
0.038532 -0.929374
-1.156411 -3.282679
-1.773149 -4.751808
-1.015060 -0.072588
-0.244145 0.521624
0.925119 2.705704
1.516151 4.109750
2.222856 5.933322
1.349121 0.282863
0.732384 -0.178374
0.102794 -0.844871
-1.130706 -3.231517
-1.721764 -4.628826
-2.299970 -6.096853
-1.426235 -0.305902
-0.424028 0.479615
0.256972 1.481404
0.925119 2.809130
1.516151 4.166022
0.732384 -0.078604
-0.501117 -1.684362
-1.117854 -3.063859
-1.747444 -4.617938
-2.338502 -6.165940
-1.451940 -0.312496
-0.424028 0.491462
0.154178 1.314542
1.079297 3.155515
2.145767 5.750456
1.336269 0.335405
0.758088 -0.159843
0.102794 -0.818142
-1.079322 -3.101032
-1.811706 -4.843851
-0.835177 0.133379
0.462559 1.728096
1.798828 4.825787
2.492680 6.662076
3.173679 8.548699
3.880358 10.328099
3.006623 2.258657
2.338502 0.480623
1.143533 -0.280167
0.102794 -1.359369
-0.848030 -2.954239
-2.068678 -5.607728
-2.698267 -7.189099
-3.417824 -9.147033
-4.188739 -11.091103
-3.083738 -1.851403
-2.479853 -0.459876
-1.272057 0.274233
-0.668147 0.764636
0.706679 2.772404
1.940179 5.318521
2.672563 7.081853
1.773149 0.659226
1.027913 -0.181585
-0.051410 -1.234418
-0.732384 -2.458131
-1.400531 -3.875924
-2.145767 -5.634079
-3.392119 -8.871687
-2.479853 -1.410001
-1.850238 -0.130660
-1.105002 0.239544
-0.102794 1.248504
0.603885 2.413538
1.182091 3.553954
1.953031 5.276314
2.595474 6.855048
3.302152 8.717064
2.389886 1.351633
1.683207 0.041574
1.092149 -0.205257
-0.231292 -1.719646
-1.387678 -3.956992
-2.171471 -5.756108
-3.263621 -8.536097
-2.467000 -1.630852
-1.888795 -0.256645
-1.130706 0.213238
-0.115646 1.192881
0.706679 2.576294
1.516151 4.257025
2.621178 6.915071
3.276473 8.645764
2.389886 1.398857
1.708887 0.075857
1.117854 -0.191930
-0.167030 -1.606938
-1.413383 -4.008569
-2.081530 -5.537706
-2.723972 -7.125887
-3.327857 -8.707133
-2.415591 -1.329282
-1.837385 -0.150732
-0.616763 0.594426
0.513944 2.234190
1.374826 3.954886
2.569769 6.786449
3.225063 8.506851
2.364181 1.414221
1.747444 0.140923
1.066444 -0.206438
0.462559 -0.705836
-0.783793 -2.696811
-2.145767 -5.686701
-2.775356 -7.254687
-1.773149 -0.485457
-0.629590 0.433612
0.038532 1.275289
0.783768 2.612951
1.940179 5.185445
2.608326 6.860675
3.186506 8.395250
2.402738 1.623434
1.708887 0.117490
0.321208 -0.866689
-0.796646 -2.712792
-1.426235 -4.021694
-2.017293 -5.375185
-2.813914 -7.351971
-1.811706 -0.521656
-1.182116 0.177455
-0.025705 1.188778
0.680974 2.419818
1.978711 5.282437
2.595474 6.828930
1.773149 0.757099
1.079297 -0.161721
-0.025705 -1.168728
-0.745236 -2.463427
-1.413383 -3.890745
-2.107235 -5.530809
-2.762529 -7.191469
-3.366414 -8.798944
-2.325649 -1.007818
-1.259205 0.183702
-0.578206 0.644883
0.693826 2.575283
1.310589 3.822072
1.940179 5.243140
2.595474 6.853157
3.353562 8.855532
4.021684 10.678778
4.779772 12.530958
5.370830 13.941818
6.051829 15.532113
6.848450 17.345638
8.069097 20.029633
8.685835 21.343400
9.418218 22.867688
9.996424 24.044220
9.302598 13.923698
7.863510 5.340861
7.272477 3.423168
6.642862 1.946498
6.064682 0.984239
5.229479 0.114174
4.060241 -0.314214
3.379241 -0.472196
2.030120 -1.112218
1.451915 -1.526334
0.770915 -2.128044
0.025679 -2.935291
-0.745236 -3.944822
-1.323442 -4.826757
-2.068678 -6.134046
-2.749677 -7.511511
-3.392119 -8.987623
-4.381475 -11.563868
-5.653507 -14.606471
-6.964096 -17.604794
-7.683652 -19.194271
-8.261833 -20.443198
-9.019921 -22.043496
-9.700920 -23.445857
-8.852891 -12.480467
-8.159064 -8.166851
-7.478065 -5.332743
-6.809918 -3.356907
-6.141771 -1.933191
-5.550738 -1.022613
-4.818329 -0.253621
-4.201592 0.139818
-3.494913 0.351636
-2.171471 0.813827
-1.503324 1.276992
-0.899439 1.811456
-0.077089 2.699662
0.591033 3.545797
1.361973 4.649085
2.595474 6.671804
3.366414 8.083180
4.034536 9.390963
4.766920 10.909726
5.435067 12.369095
6.167450 14.045770
6.745656 15.423969
7.375246 16.977201
6.578625 7.925818
5.987567 4.927154
5.268036 2.608750
4.689831 1.372654
3.944595 0.330638
3.263621 -0.219832
1.940179 -0.627659
1.336269 -0.965031
0.758088 -1.441318
-0.038557 -2.303844
-0.848030 -3.387203
-2.171471 -5.528775
-2.813914 -6.709464
-3.533445 -8.127227
-4.265828 -9.664460
-4.985385 -11.259284
-5.640680 -12.778911
-6.360211 -14.516057
-7.529449 -17.479910
-6.642887 -7.753968
-5.306593 -2.568280
-4.047414 -0.420217
-3.327857 0.176500
-2.158619 0.532926
-1.529029 0.822893
-0.809498 1.376653
-0.012852 2.218325
0.809473 3.297468
1.978711 5.137898
2.723947 6.470955
3.379241 7.733300
4.201592 9.425322
4.844034 10.823616
5.525008 12.373161
6.180303 13.925286
6.861302 15.597594
6.154623 7.497868
5.216652 3.282397
4.021684 0.717675
3.430651 0.052399
2.518385 -0.461018
1.374826 -0.838434
0.693826 -1.371227
0.115646 -1.977440
-0.783793 -3.151413
-1.400531 -4.094035
-2.055825 -5.200915
-2.891003 -6.749775
-3.494913 -7.955534
-4.291533 -9.644433
-5.023917 -11.286712
-5.640680 -12.730526
-6.308801 -14.352576
-7.131152 -16.425876
-5.974740 -5.627990
-5.332298 -3.244972
-4.677004 -1.653197
-4.085946 -0.691392
-2.775356 0.371973
-2.184324 0.504872
-1.529029 0.752481
-0.616763 1.456516
-0.038557 2.076858
0.693826 3.022431
1.297737 3.918426
2.081505 5.217201
2.775356 6.480071
3.482035 7.863247
4.124477 9.197474
4.895418 10.886316
5.537860 12.360824
6.899859 15.668841
5.923331 5.998472
5.229479 3.245167
4.612742 1.689693
4.008857 0.672833
3.392094 0.004895
2.544064 -0.456657
1.361973 -0.853043
0.539648 -1.529145
-0.680999 -3.013463
-1.464767 -4.205675
-2.171471 -5.412814
-2.865298 -6.704589
-3.469208 -7.905951
-4.278681 -9.617415
-4.985385 -11.197626
-5.627827 -12.697707
-6.308801 -14.348870
-6.989801 -16.058639
-7.568006 -17.553401
-6.655740 -7.658982
-6.038977 -4.740368
-5.422240 -2.802533
-4.677004 -1.249733
-3.404972 0.138323
-2.698267 0.431385
-1.606118 0.782188
-0.758088 1.431365
-0.089941 2.134829
0.629590 3.051457
1.233475 3.931885
1.978711 5.141603
2.569769 6.187992
3.327857 7.631407
4.060241 9.124181
4.754093 10.619693
5.435067 12.158310
6.077509 13.669725
6.745656 15.299298
7.452360 17.083020
8.043393 18.619593
8.737244 20.472794
9.392539 22.269541
10.073513 24.182292
10.805897 25.652468
11.409807 26.823450
12.270689 28.451173
12.874574 29.564535
13.568426 30.815531
14.275105 32.059331
14.853310 33.054765
15.624251 34.351597
14.660575 20.805047
13.529869 13.088132
12.797485 9.734644
12.206427 7.594920
11.563985 5.698012
10.330510 2.996302
9.533865 1.757904
8.313217 0.453235
7.567981 -0.051020
6.964096 -0.320480
6.244565 -0.495947
5.627802 -0.590447
4.895418 -0.784282
4.252976 -1.028893
3.546297 -1.377800
2.903855 -1.767095
2.171446 -2.294216
1.580413 -2.784052
0.835177 -3.483540
0.089941 -4.274210
-0.732384 -5.252515
-1.374826 -6.094232
-2.274265 -7.387191
-3.507765 -9.379178
-4.304386 -10.801511
-4.985385 -12.102957
-5.704916 -13.564718
-6.398743 -15.059685
-6.976948 -16.370476
-7.632243 -17.928456
-8.390331 -19.828449
-9.109862 -21.730580
-9.700920 -23.366551
-10.420452 -24.892261
-11.140008 -26.303318
-12.424893 -28.737676
-13.157276 -30.077847
-13.838276 -31.294055
-14.506397 -32.459899
-15.161692 -33.577634
-15.752750 -34.564429
-14.943277 -22.879749
-14.300835 -17.800233
-13.208660 -11.971393
-12.476277 -9.164809
-11.795303 -7.071342
-11.088599 -5.298601
-10.471861 -4.019325
-9.829419 -2.907510
-8.300390 -0.989961
-7.722184 -0.485784
-7.066890 -0.037951
-6.385916 0.302023
-5.730621 0.519964
-5.049622 0.643267
-4.394327 0.762599
-3.713328 0.971546
-2.891003 1.334455
-1.580413 2.150353
-0.783793 2.781899
-0.077089 3.424186
0.706679 4.223650
2.004416 5.741126
2.711120 6.665419
3.392094 7.619244
4.342917 9.052016
5.512156 10.970420
6.270244 12.303838
6.951243 13.560299
8.313217 16.235649
9.019921 17.707328
9.649511 19.065496
10.998632 22.122496
11.602542 23.554639
10.793070 13.822878
10.047834 9.569332
8.775776 5.138143
8.146186 3.650266
7.503744 2.446647
6.822745 1.442915
6.141771 0.665884
5.512156 0.115523
4.908271 -0.282344
4.034536 -0.664042
2.788209 -0.913913
2.094357 -1.141030
1.400531 -1.494293
0.758088 -1.924725
0.025679 -2.527282
-0.680999 -3.213430
-1.490472 -4.116563
-2.094382 -4.866554
-2.852471 -5.894443
-3.623386 -7.032701
-4.317238 -8.132791
-5.036769 -9.345275
-5.640680 -10.416655
-6.463005 -11.950695
-7.169683 -13.335219
-7.863535 -14.751577
-8.505977 -16.111403
-9.199804 -17.630388
-9.893656 -19.199965
-10.574655 -20.787966
-11.255629 -22.421463
-10.317658 -12.094859
-9.533890 -8.163261
-8.403184 -4.577557
-7.657948 -2.960344
-6.861327 -1.662576
-6.270269 -0.922338
-5.679211 -0.337197
-4.985385 0.181768
-4.342943 0.523150
-2.891003 0.892884
-2.299970 1.042370
-1.606118 1.343696
-0.848030 1.814458
-0.205588 2.319279
0.655295 3.135133
1.310589 3.855078
1.914474 4.588971
2.723947 5.671943
3.315005 6.530316
4.137330 7.813714
4.779772 8.884727
5.589270 10.314885
6.874154 12.758155
7.529449 14.081283
8.236128 15.563394
8.865718 16.930279
9.559569 18.485517
10.266248 20.120294
10.960100 21.773540
10.047834 11.775380
8.878570 6.484211
8.146186 4.393506
7.439508 2.877846
6.771361 1.773497
6.180303 1.005160
5.460771 0.284792
4.779772 -0.215350
4.201592 -0.521652
3.366414 -0.798617
2.723947 -0.902320
2.120062 -1.059859
1.490472 -1.337109
0.732384 -1.809974
0.012852 -2.386666
-1.413383 -3.857078
-2.158619 -4.780884
-2.839618 -5.709707
-3.520592 -6.714161
-4.394327 -8.106741
-5.113858 -9.335825
-6.360211 -11.628334
-7.195388 -13.273056
-8.505977 -16.016883
-9.199804 -17.545454
-9.855098 -19.035022
-10.561803 -20.689581
-11.152835 -22.110402
-11.756746 -23.595978
-10.998657 -14.257370
-10.099243 -9.173662
-9.019921 -5.444044
-8.261833 -3.629940
-6.861327 -1.346100
-6.270269 -0.684681
-5.640680 -0.133680
-4.972533 0.301998
-4.330090 0.594894
-3.687648 0.778878
-2.993796 0.888616
-2.222856 1.121672
-1.593266 1.427015
-0.835177 1.920347
-0.167030 2.460471
0.591033 3.183908
1.259180 3.912535
1.978711 4.786424
2.685415 5.729490
3.379241 6.732477
4.175887 7.973131
4.766920 8.952030
5.357978 9.978538
6.180303 11.482427
6.758508 12.590481
7.516597 14.103919
8.133334 15.384103
9.007069 17.269933
10.227716 20.039908
10.870159 21.558455
10.099218 12.545218
9.508160 9.191994
8.775776 6.329234
8.133334 4.491459
7.478039 3.045997
6.848450 1.959314
6.116066 0.983494
5.512156 0.367643
4.779772 -0.190144
3.636239 -0.719971
2.659710 -0.910555
1.439062 -1.346965
0.822325 -1.723849
0.141326 -2.248348
-0.745236 -3.086517
-1.413383 -3.824539
-2.132914 -4.713385
-2.775356 -5.583934
-3.584854 -6.777292
-4.253001 -7.838298
-4.946828 -9.008529
-5.679211 -10.315362
-6.347358 -11.568404
-7.079742 -13.005300
-7.812126 -14.505380
-8.454568 -15.870969
-9.186977 -17.482112
-10.561803 -20.654742
-11.743893 -23.528524
-10.870159 -13.381630
-10.176332 -9.538958
-9.007069 -5.422564
-8.171891 -3.456953
-7.580859 -2.385087
-6.938416 -1.451771
-6.231712 -0.653140
-5.602122 -0.109853
-4.882591 0.346270
-3.726180 0.769539
-2.968092 0.892723
-2.287118 1.093064
-1.541882 1.451184
-0.848030 1.904248
-0.154203 2.463670
0.526796 3.108882
1.297737 3.946365
2.004416 4.807440
2.646858 5.663119
3.469183 6.853819
4.921123 9.199179
5.614949 10.422050
6.809892 12.672020
7.683627 14.426154
8.300364 15.716988
8.929980 17.078047
9.585274 18.539567
10.253396 20.075417
10.947248 21.717767
11.666779 23.470303
12.322073 25.108877
12.977368 26.786858
13.735456 28.775923
15.007488 32.225089
15.765577 34.345081
16.382314 35.593695
17.191812 36.884828
17.834254 37.884261
18.566638 38.997038
19.234785 39.988095
19.915759 40.975062
20.545349 41.867264
21.174964 42.740440
20.339787 30.095007
19.633082 24.034745
18.450992 17.095779
17.859934 14.480092
17.204639 12.024897
16.446576 9.638532
15.225928 6.576593
14.519224 5.151472
13.863930 4.016996
13.247192 3.093322
12.476251 2.112371
11.782425 1.376598
10.536072 0.360532
9.893630 -0.026951
9.238336 -0.336464
8.428863 -0.608672
7.786421 -0.744506
7.079742 -0.841690
6.283096 -1.008418
5.640654 -1.196383
4.432859 -1.677973
3.546297 -2.137171
2.852445 -2.558543
2.107209 -3.071454
1.490472 -3.543010
0.642442 -4.260824
-0.077089 -4.932749
-0.796646 -5.662325
-1.516177 -6.449448
-2.287118 -7.356688
-2.916707 -8.146630
-3.649091 -9.121092
-4.407179 -10.192794
-5.113858 -11.249725
-5.756300 -12.259226
-6.591478 -13.641126
-7.208241 -14.712335
-7.863535 -15.897913
-8.570214 -17.231554
-9.264066 -18.596982
-9.906508 -19.911066
-10.587482 -21.356678
-11.255629 -22.828225
-11.859539 -24.204007
-12.694717 -26.178898
-13.350011 -27.787795
-14.031011 -29.515789
-14.634896 -31.096403
-15.392984 -33.145730
-16.125368 -35.176304
-17.461662 -37.307315
-18.091252 -38.277931
-19.440398 -40.288534
-20.134224 -41.286839
-20.802371 -42.225993
-20.044283 -30.780997
-19.466077 -25.716426
-18.836488 -21.544445
-18.245430 -18.397740
-17.564456 -15.399014
-16.562222 -11.844185
-15.637104 -9.219766
-14.930425 -7.538901
-14.210894 -6.062675
-13.517042 -4.830746
-12.823215 -3.762031
-12.116511 -2.821064
-11.396980 -1.998961
-10.690276 -1.311188
-9.970745 -0.720987
-9.212656 -0.208286
-8.544509 0.158582
-7.966329 0.416562
-7.195388 0.680743
-5.846242 0.943145
-5.113858 1.063991
-4.407179 1.240493
-3.803269 1.437171
-2.968092 1.777619
-2.248560 2.133612
-1.593266 2.507513
-0.745236 3.060640
-0.154203 3.491717
0.719531 4.196589
1.374826 4.777507
2.055825 5.428100
2.659710 6.044590
3.430651 6.885116
4.278681 7.878251
4.921123 8.677954
5.666359 9.656257
6.283096 10.506685
7.696479 12.593631
8.493100 13.853780
9.148394 14.935318
9.739452 15.945446
10.587482 17.451786
11.910924 19.936114
12.489104 21.072278
13.247192 22.608598
13.992428 24.170293
14.660575 25.613685
15.405811 27.271751
14.442135 16.565059
13.684047 12.509151
13.105867 10.217931
12.347778 7.841537
11.731015 6.277794
11.088573 4.912091
9.739452 2.694791
9.032773 1.805012
8.403158 1.138207
7.735037 0.543272
7.066890 0.050627
6.295949 -0.405334
5.614949 -0.718575
4.805477 -0.993118
3.379241 -1.256546
2.801061 -1.373953
2.055825 -1.609574
1.349121 -1.917065
0.693826 -2.272279
-0.089941 -2.782160
-0.899439 -3.402112
-1.529029 -3.947362
-2.261413 -4.648623
-3.777590 -6.319257
-4.445711 -7.145165
-5.203800 -8.146061
-5.949036 -9.194189
-7.311034 -11.268397
-7.889215 -12.208955
-8.621624 -13.450238
-9.379687 -14.792353
-10.060686 -16.046668
-10.728833 -17.321116
-11.422685 -18.689629
-12.103659 -20.076530
-12.746101 -21.424018
-13.619836 -23.316374
-14.210894 -24.634888
-14.904720 -26.221525
-15.534310 -27.697082
-16.253866 -29.424621
-15.367279 -18.850185
-14.711985 -14.890274
-14.069543 -12.015568
-13.375716 -9.575594
-12.669012 -7.571667
-11.975186 -5.949979
-10.523245 -3.354627
-9.906508 -2.502521
-9.328302 -1.812370
-8.570214 -1.046410
-7.837830 -0.437575
-7.246772 -0.029417
-6.604330 0.338388
-5.846242 0.680321
-4.548505 1.060753
-3.816121 1.174086
-3.058033 1.313502
-2.351354 1.526305
-1.721764 1.780680
-0.989381 2.150653
-0.205588 2.631711
0.539648 3.167800
1.194943 3.700474
1.914474 4.349389
2.762504 5.197577
3.404946 5.898435
4.098798 6.710250
4.831182 7.627401
5.576418 8.622547
6.218860 9.529343
6.835597 10.441540
7.657922 11.719956
8.274685 12.724447
9.161247 14.235367
10.330510 16.346031
11.050041 17.709959
11.679631 18.943233
12.501956 20.609094
13.208660 22.089747
13.876782 23.530575
14.532077 24.981924
15.251633 26.618575
15.855518 28.026415
15.046046 18.271096
14.172311 13.234220
13.067309 9.085427
12.334926 7.057737
11.679631 5.567501
10.895838 4.091818
9.778009 2.433388
9.084158 1.614427
8.364626 0.905774
7.606538 0.293411
6.925539 -0.153407
6.295949 -0.488828
4.908271 -0.997198
4.188739 -1.150185
3.520592 -1.242479
2.826741 -1.393830
1.991563 -1.680316
1.310589 -1.994737
-0.025705 -2.812163
-0.758088 -3.367638
-1.413383 -3.926346
-2.197176 -4.668633
-2.942412 -5.446818
-3.687648 -6.293364
-4.330090 -7.076454
-5.178120 -8.183578
-5.859094 -9.131501
-6.578651 -10.188638
-7.195388 -11.139085
-7.837830 -12.171763
-8.634451 -13.511382
-9.315450 -14.707364
-10.022154 -15.996962
-10.638892 -17.161991
-11.371275 -18.592555
-12.167921 -20.205633
-13.542747 -23.125891
-14.120952 -24.404602
-14.814779 -25.977769
-15.624251 -27.865840
-14.609191 -16.742591
-13.992454 -13.382108
-13.324307 -10.644299
-11.743893 -6.161550
-10.536098 -3.846425
-9.906508 -2.893401
-9.199804 -1.987732
-8.428888 -1.167917
-7.837830 -0.642235
-7.143979 -0.125227
-6.565798 0.231404
-5.653507 0.671861
-4.471416 1.046587
-3.636239 1.194030
-2.993796 1.295508
-2.120062 1.544338
-0.848030 2.124623
-0.115646 2.569691
0.526796 3.023731
1.310589 3.655275
2.081505 4.356703
2.723947 4.999980
3.559124 5.913431
4.188739 6.658018
4.933975 7.599646
5.627802 8.533505
6.321654 9.521073
7.002628 10.541207
7.837805 11.859431
9.071305 13.937487
9.713747 15.079983
10.343337 16.238618
11.191367 17.859039
11.859514 19.183131
12.579045 20.654854
13.247192 22.063274
14.699107 25.259490
15.354402 26.761627
16.022549 28.330626
17.513021 31.964213
18.772226 35.174644
19.466052 36.997540
20.159904 38.858275
20.905140 40.898420
22.164319 44.074992
22.948113 45.100595
24.310086 46.818537
24.978233 47.632464
25.684912 48.473314
26.288797 49.175916
27.059738 50.052050
27.766416 50.835116
28.344622 51.461903
29.077006 52.238252
29.912183 53.100190
30.503241 53.695508
31.312714 54.491577
31.916624 55.071337
32.597598 55.710920
33.407096 56.452159
34.075218 57.048735
34.704807 57.598625
35.398659 58.191152
36.079659 58.759267
36.863426 59.397044
37.531573 59.927489
38.186868 60.436173
37.043309 44.160812
36.053954 36.374675
35.385807 32.315826
34.139480 26.247326
33.497037 23.655463
32.289242 19.486498
31.582538 17.386419
30.927243 15.622089
30.297653 14.071683
29.616654 12.535937
28.884270 11.030090
27.676475 8.834863
26.944091 7.657511
26.211708 6.583363
25.607823 5.769041
24.798350 4.770711
24.168735 4.062780
23.487761 3.359918
22.832466 2.741374
22.061526 2.081677
21.406231 1.575292
20.648143 1.048055
19.877227 0.572659
18.605170 -0.087067
17.795697 -0.431452
16.446576 -0.884946
15.701340 -1.074838
14.326514 -1.319794
13.581278 -1.411925
12.848869 -1.522390
12.129338 -1.653681
11.396955 -1.810806
10.754512 -1.968405
9.983572 -2.182259
9.251188 -2.410766
8.647303 -2.618029
7.760716 -2.953667
7.054037 -3.248331
6.347333 -3.567489
5.486476 -3.989916
4.766920 -4.371873
4.124477 -4.735506
3.315005 -5.224595
2.621178 -5.671746
1.901622 -6.163247
1.053592 -6.779535
0.398297 -7.283763
-0.359766 -7.898181
-1.053617 -8.490410
-1.811706 -9.170810
-2.544089 -9.861952
-3.173679 -10.483246
-3.931768 -11.265431
-4.574210 -11.958112
-5.447944 -12.945225
-6.077534 -13.689522
-6.719976 -14.478261
-7.400976 -15.347386
-8.133359 -16.321059
-9.045626 -17.592120
-10.279126 -19.417640
-10.895863 -20.378306
-11.512626 -21.372147
-12.412040 -22.882819
-13.054482 -24.008008
-13.722629 -25.220499
-14.416456 -26.526799
-14.994661 -27.653425
-15.778455 -29.237903
-16.562222 -30.890948
-17.204690 -32.299405
-18.540959 -35.392006
-19.183401 -36.961814
-19.800164 -38.522591
-20.571079 -40.551087
-21.264931 -42.454423
-21.907373 -43.732734
-22.588372 -44.633290
-23.269372 -45.513071
-23.963198 -46.388563
-24.541404 -47.102435
-25.273787 -47.986609
-26.057581 -48.908617
-26.751407 -49.704418
-28.087701 -51.184923
-28.781553 -51.927398
-29.578173 -52.758424
-30.182083 -53.373526
-31.030088 -54.216125
-31.813881 -54.973543
-33.085913 -56.160502
-33.766912 -56.775130
-34.473617 -57.398068
-35.218853 -58.038943
-35.874147 -58.589205
-36.516589 -59.116906
-37.287530 -59.735136
-38.019914 -60.307644
-38.700888 -60.827348
-38.019914 -50.195367
-37.326062 -43.838868
-36.143971 -36.254866
-34.923324 -30.490802
-33.805470 -26.264434
-33.124470 -24.035479
-32.533412 -22.269867
-31.813881 -20.300669
-30.464760 -17.050282
-29.783761 -15.593235
-29.128466 -14.290792
-28.306141 -12.780018
-27.663673 -11.686179
-26.982699 -10.602013
-26.160374 -9.387150
-25.505080 -8.486919
-24.746991 -7.514590
-24.078844 -6.714762
-23.449255 -6.006832
-22.691166 -5.209586
-21.958783 -4.493062
-21.213547 -3.814732
-20.506842 -3.216004
-19.774459 -2.638691
-19.042075 -2.102960
-18.219750 -1.548306
-17.641545 -1.186547
-16.857751 -0.731589
-15.457221 -0.014308
-14.801926 0.281587
-14.069543 0.583956
-13.324307 0.862158
-12.681864 1.079048
-11.859539 1.326887
-11.140008 1.517342
-10.369067 1.695114
-9.675216 1.832679
-8.968537 1.951692
-8.184744 2.059628
-7.490917 2.143723
-6.732829 2.253839
-6.026125 2.375415
-5.306593 2.518098
-4.574210 2.683062
-3.906063 2.851052
-3.263621 3.028438
-2.351354 3.307261
-1.734617 3.513816
-1.027913 3.768567
-0.244145 4.073848
0.462559 4.369810
1.169238 4.685566
1.978711 5.071816
2.621178 5.397223
3.392094 5.809916
4.060241 6.187394
4.805477 6.630332
5.653507 7.162769
6.257392 7.560546
6.989801 8.063995
7.722184 8.590700
8.467420 9.150807
9.276893 9.787136
9.945040 10.334549
10.574630 10.868939
11.409807 11.605962
12.142191 12.279002
12.771780 12.877797
13.645515 13.740181
14.365046 14.478127
15.727020 15.944880
16.433724 16.742655
17.153255 17.581148
18.014137 18.619683
19.530289 20.544296
20.159904 21.380137
20.866583 22.344405
21.650376 23.446728
22.986644 25.407420
23.680496 26.466867
24.425732 27.636984
25.620675 29.584385
26.443000 30.976687
27.149679 32.207984
28.318943 34.317678
28.987064 35.564660
28.113355 26.246867
27.509445 22.929095
26.802766 19.965156
26.147471 17.732344
25.530734 15.935368
24.836882 14.173365
24.130203 12.596995
23.436351 11.219759
22.832466 10.134841
22.074378 8.899207
21.354847 7.837899
20.596758 6.820845
19.350406 5.340637
18.592343 4.540919
17.076166 3.134237
16.343782 2.535584
15.071725 1.604710
14.365046 1.141732
13.709752 0.744021
12.861722 0.271419
12.167895 -0.082203
11.551133 -0.373093
10.536072 -0.806746
9.315450 -1.259241
8.570214 -1.501119
7.837805 -1.715001
7.143979 -1.896867
6.321654 -2.087515
5.692064 -2.216029
4.972507 -2.345170
4.227271 -2.459780
3.456356 -2.558695
2.801061 -2.642180
1.965884 -2.779563
1.233475 -2.928860
0.578206 -3.085316
-0.269824 -3.319975
-1.002208 -3.551936
-1.734617 -3.811158
-2.467000 -4.097715
-3.276473 -4.446364
-3.880383 -4.728393
-4.677004 -5.129182
-5.473624 -5.562829
-6.116091 -5.936605
-6.809918 -6.364476
-7.593711 -6.878219
-8.210448 -7.305236
-8.994242 -7.877010
-10.407599 -8.990915
-11.152835 -9.621511
-11.833835 -10.224069
-12.591923 -10.924582
-13.427100 -11.732852
-14.699132 -13.038123
-15.431541 -13.830690
-16.215309 -14.712347
-17.037634 -15.674926
-17.654397 -16.422318
-18.386781 -17.338362
-19.684517 -19.038412
-20.558252 -20.239019
-21.136432 -21.058562
-21.933078 -22.220779
-22.601225 -23.225292
-23.513491 -24.641135
-24.708434 -26.574095
-25.453670 -27.825242
-26.956995 -30.457674
-28.203347 -32.752226
-28.858642 -34.000152
-28.023464 -25.199946
-27.368170 -21.712816
-26.712875 -19.065754
-26.031876 -16.824542
-25.376581 -14.996571
-24.785523 -13.551512
-24.040287 -11.942418
-23.462082 -10.826380
-22.678314 -9.464542
-21.958783 -8.342833
-20.609636 -6.509186
-19.813016 -5.563840
-19.132017 -4.824341
-18.489574 -4.178667
-17.680076 -3.429948
-16.909161 -2.777799
-16.163925 -2.198618
-15.470073 -1.700912
-14.763394 -1.232055
-13.966749 -0.746171
-13.324307 -0.385023
-12.669012 -0.043077
-11.885244 0.332969
-11.255629 0.610559
-10.536098 0.902589
-9.752305 1.191770
-9.097010 1.411616
-8.390331 1.627456
-7.683652 1.822287
-6.887007 2.017950
-6.103239 2.186853
-4.818329 2.416029
-3.841826 2.552868
-3.263621 2.621914
-2.467000 2.738388
-1.798853 2.860850
-1.066470 3.021115
-0.167030 3.255284
1.156386 3.674980
1.914474 3.955872
3.353562 4.570648
4.047388 4.905405
4.844034 5.320706
6.218860 6.115632
6.951243 6.579769
7.645070 7.045706
8.480247 7.640598
9.135542 8.133524
9.932187 8.763936
10.548925 9.275587
11.242777 9.875978
12.013692 10.573981
12.874574 11.392175
13.529869 12.042557
14.275105 12.811382
15.046046 13.639625
15.688488 14.355558
16.433724 15.215574
17.127550 16.044983
17.949875 17.064157
18.643727 17.954864
19.221933 18.718794
20.159904 20.000337
20.879435 21.019214
21.470468 21.879598
22.215704 22.994895
22.922408 24.084173
23.629087 25.204521
24.335791 26.356331
25.068174 27.583495
25.723469 28.710695
26.571473 30.210794
27.740737 32.356898
28.473121 33.747710
27.406651 23.639890
25.993293 17.767219
25.376530 15.905725
24.772645 14.321776
24.130203 12.834722
23.462056 11.459791
22.858146 10.340151
22.010141 8.930626
21.329142 7.914530
19.890080 6.043312
19.299022 5.366423
18.643727 4.669562
17.821402 3.866906
16.408019 2.650880
15.675635 2.092440
14.930399 1.569007
14.236548 1.119206
13.645515 0.762677
12.810338 0.297825
12.142191 -0.043289
11.358397 -0.410873
10.009276 -0.967424
9.251188 -1.241007
8.518804 -1.480417
7.786421 -1.696633
7.066890 -1.887576
6.180303 -2.095055
4.933975 -2.337874
4.111650 -2.468649
3.469183 -2.555378
2.672563 -2.652984
1.927327 -2.768773
1.194943 -2.910112
0.501091 -3.069263
-0.308381 -3.286056
-1.027913 -3.506974
-1.798853 -3.773229
-2.569794 -4.070152
-4.008857 -4.706813
-4.741240 -5.072234
-5.409387 -5.430087
-6.064682 -5.803829
-6.887007 -6.304873
-7.593711 -6.764086
-8.300390 -7.249855
-9.071331 -7.810251
-9.790862 -8.362090
-10.626039 -9.037701
-11.229950 -9.549834
-12.604775 -10.790152
-13.529894 -11.683433
-14.198041 -12.358190
-15.457221 -13.697894
-16.318103 -14.665468
-16.960545 -15.415102
-17.808575 -16.440999
-19.183401 -18.193021
-19.787311 -18.997719
-20.699578 -20.254370
-21.971610 -22.090036
-22.678314 -23.152374
-23.397845 -24.265541
-24.220170 -25.577104
-25.453670 -27.624212
-26.121817 -28.773536
-26.725728 -29.837135
-27.637994 -31.488901
-28.910026 -33.883978
-28.010612 -24.720150
-27.342465 -21.303886
-26.648613 -18.603828
-25.299492 -14.635640
-24.721287 -13.261673
-24.027435 -11.793758
-23.205110 -10.258577
-21.984462 -8.299811
-21.316315 -7.358575
-20.442606 -6.243412
-19.813016 -5.511061
-19.196253 -4.845023
-18.399633 -4.052570
-17.770018 -3.475303
-17.063339 -2.874277
-16.241014 -2.231972
-15.547162 -1.733785
-14.737690 -1.199055
-13.350011 -0.387870
-12.720422 -0.059953
-11.872392 0.345452
-11.294186 0.599349
-10.497541 0.921024
-9.790862 1.180521
-9.148420 1.396450
-8.416036 1.620536
-7.632243 1.835577
-7.054037 1.978550
-6.206033 2.165306
-5.460797 2.307914
-4.818329 2.415415
-4.073093 2.522932
-3.417824 2.602990
-2.569794 2.720463
-1.875942 2.843515
-1.105002 3.008744
-0.449707 3.172841
0.436855 3.429551
1.092149 3.645022
1.863090 3.926612
2.466975 4.168464
3.353562 4.557531
4.034536 4.883933
4.741240 5.248099
5.460771 5.645593
6.128918 6.038942
6.964096 6.563606
7.645070 7.018649
8.338922 7.507602
9.097010 8.071171
9.790836 8.613968
10.677423 9.345353
11.923751 10.445736
12.643307 11.119781
13.362838 11.822391
14.275105 12.754603
14.917547 13.439069
15.688488 14.291196
16.382314 15.086981
17.191812 16.050311
17.885639 16.906118
18.630875 17.856579
19.350406 18.805216
20.057110 19.766806
20.712405 20.685116
21.496172 21.817475
22.202877 22.870554
22.922408 23.974289
23.629087 25.089591
24.284381 26.151771
25.042470 27.414502
25.762001 28.647034
27.239620 31.283637
28.396032 33.447852
29.089858 34.789597
29.783710 36.164311
31.030037 38.717610
31.788125 40.324325
33.098715 43.199787
33.843951 44.891128
34.486393 46.382526
35.141687 47.936030
35.745572 49.396908
37.158955 52.927930
37.827102 54.652833
38.508076 56.448438
39.317574 58.633169
39.972869 60.442401
40.679548 62.271083
41.399079 62.772557
42.092931 63.244707
42.863846 63.756468
43.634787 64.255085
44.906819 65.049940
45.626350 65.484681
46.320202 65.894040
47.193911 66.396093
47.849206 66.763072
48.543058 67.142933
49.198352 67.493647
50.097766 67.962627
50.765913 68.301975
51.536829 68.684197
52.230680 69.019879
53.014448 69.389813
53.708300 69.709322
54.337890 69.992906
55.224451 70.382279
54.260801 57.369911
52.963064 47.530745
51.819505 41.296271
51.048590 37.807028
50.431827 35.312579
49.635207 32.401626
48.491648 28.712034
47.887763 26.954347
47.258173 25.240795
46.397291 23.070531
45.806233 21.683154
45.099554 20.122313
43.724728 17.354883
43.082286 16.169713
42.426992 15.024299
41.681756 13.793723
40.949372 12.653532
40.088490 11.394214
39.034898 9.962286
38.302514 9.032282
37.608662 8.197236
36.799190 7.276269
36.131043 6.556874
35.411512 5.821163
34.730512 5.160282
34.062365 4.543771
33.278597 3.858941
32.584746 3.285654
31.916624 2.761595
31.222772 2.245197
30.387595 1.659638
29.706621 1.210103
29.051326 0.800246
28.396032 0.411887
27.612238 -0.025416
26.879855 -0.408230
26.263117 -0.711937
25.505029 -1.062669
24.875439 -1.335614
24.194440 -1.612706
23.295026 -1.950727
22.626879 -2.181916
21.855938 -2.428274
21.174964 -2.628239
20.365466 -2.845068
19.607403 -3.028171
18.926404 -3.176686
18.206872 -3.317625
17.474489 -3.444667
16.536518 -3.583883
15.174519 -3.740740
14.403603 -3.819847
13.696899 -3.903458
12.810338 -4.023566
12.077954 -4.135717
11.499748 -4.232619
10.690276 -4.380815
9.970719 -4.524968
9.122715 -4.710058
8.428863 -4.873893
7.632243 -5.075933
6.964096 -5.257021
6.347333 -5.433719
5.447919 -5.708017
4.702683 -5.950442
4.098798 -6.157093
3.135122 -6.506071
2.479827 -6.757053
1.773149 -7.040313
1.040765 -7.347862
0.218415 -7.710414
-0.501117 -8.042813
-1.233500 -8.395927
-2.081530 -8.823727
-3.379267 -9.518533
-4.265828 -10.021742
-4.844034 -10.362674
-5.653507 -10.857167
-6.347358 -11.297260
-6.938416 -11.684167
-7.837830 -12.294506
-8.493125 -12.755879
-9.186977 -13.260025
-10.022154 -13.888572
-11.422685 -14.997217
-12.155068 -15.604939
-12.823215 -16.176548
-13.619836 -16.879946
-14.326514 -17.524260
-15.071750 -18.224892
-15.791307 -18.922445
-16.485133 -19.615082
-18.027015 -21.226910
-19.337604 -22.678712
-20.044283 -23.493951
-20.712430 -24.286273
-21.509050 -25.259001
-22.138665 -26.049938
-22.819639 -26.927964
-23.667669 -28.055071
-24.425758 -29.095206
-25.762052 -31.006482
-26.956995 -32.803543
-27.882113 -34.254699
-29.102761 -36.253430
-29.925086 -37.656316
-30.503292 -38.671059
-31.248528 -40.014670
-31.878118 -41.182182
-32.546265 -42.454820
-33.188707 -43.712295
-34.036737 -45.424953
-34.640647 -46.682684
-35.270237 -48.029023
-36.002620 -49.642115
-36.657915 -51.130031
-37.287530 -52.601077
-38.071298 -54.491696
-38.726593 -56.125437
-39.394740 -57.843499
-39.985798 -59.409466
-40.859507 -61.808090
-41.553359 -62.878501
-42.208653 -63.322381
-42.941037 -63.806979
-43.737682 -64.320657
-44.380125 -64.724958
-45.099656 -65.167489
-45.754950 -65.561277
-46.487334 -65.991223
-47.849333 -66.763142
-48.517480 -67.129087
-49.275568 -67.534467
-49.892306 -67.856737
-50.766040 -68.302039
-51.421335 -68.627561
-52.153718 -68.983028
-52.860397 -69.317865
-53.490012 -69.609600
-54.389426 -70.015857
-54.980484 -70.276274
-55.751425 -70.608334
-56.393867 -70.878613
-55.674336 -60.755398
-54.646398 -52.236772
-54.042513 -48.447619
-53.451455 -45.242391
-52.719072 -41.767094
-51.601218 -37.225130
-50.804572 -34.406549
-49.699570 -30.933080
-49.018571 -28.998574
-48.247656 -26.967573
-47.065540 -24.132890
-46.435950 -22.742933
-45.690714 -21.192193
-44.444361 -18.801981
-43.699125 -17.481024
-43.005299 -16.316653
-42.362831 -15.290598
-41.463417 -13.932089
-40.885212 -13.103482
-40.229917 -12.203964
-39.446149 -11.180044
-38.688061 -10.240207
-37.904268 -9.317505
-37.236121 -8.568046
-36.542294 -7.824006
-35.758501 -7.023292
-34.897619 -6.189887
-33.651266 -5.063396
-33.008824 -4.517604
-31.377026 -3.230515
-30.143526 -2.345852
-29.462527 -1.887909
-28.730143 -1.418483
-27.959202 -0.949219
-27.252524 -0.540663
-26.494435 -0.124524
-25.749199 0.262997
-24.914022 0.672788
-24.322964 0.947657
-23.577728 1.276903
-22.704019 1.639074
-22.035872 1.899227
-21.213547 2.200052
-20.583931 2.416345
-19.800164 2.669080
-19.029223 2.900304
-18.412485 3.073208
-17.551603 3.297107
-16.819220 3.471998
-16.061131 3.638346
-15.392984 3.772883
-14.429308 3.947534
-13.080187 4.154805
-12.373483 4.246598
-11.525453 4.341981
-10.908716 4.401730
-10.073538 4.487116
-9.405391 4.564807
-8.673008 4.659600
-7.889215 4.772266
-7.272477 4.869119
-6.463005 5.007259
-5.769153 5.135680
-5.165268 5.255013
-4.471416 5.400862
-3.636239 5.588880
-2.826766 5.784186
-2.132914 5.961907
-1.387678 6.163459
-0.770941 6.338663
0.064237 6.588133
0.848030 6.835118
1.529004 7.059885
2.274240 7.316782
3.058033 7.599369
3.803269 7.879927
4.574210 8.182428
5.203800 8.438783
5.974715 8.764172
6.719951 9.090832
7.388098 9.393895
8.248980 9.798701
8.852865 10.092355
9.713747 10.524911
10.420452 10.892333
11.139983 11.277943
11.898071 11.696890
12.566193 12.076985
13.555574 12.658716
14.236548 13.072317
14.891842 13.480581
15.611399 13.940563
16.228136 14.344627
17.230344 15.020733
18.014137 15.566479
18.733668 16.080741
19.466052 16.617350
20.134199 17.118580
20.969376 17.760945
21.624671 18.277390
22.459848 18.951614
23.205084 19.568534
24.040262 20.277251
24.708409 20.857566
25.363678 21.438328
26.070382 22.077714
26.802766 22.754755
27.727885 23.631196
29.128415 25.003828
29.770857 25.652209
30.439004 26.339211
31.222772 27.161757
31.878067 27.863438
32.649008 28.705431
33.278597 29.406414
33.972424 30.193004
34.756217 31.099571
35.424364 31.887629
36.079659 32.674331
36.786337 33.538230
37.672899 34.645102
38.263957 35.397497
38.970636 36.312463
39.638783 37.193151
40.255520 38.019716
41.052166 39.107047
41.758845 40.090384
40.872283 31.178075
40.191284 27.530070
38.957783 22.785157
38.302514 20.793778
37.634367 19.006866
36.863426 17.178758
36.208132 15.781627
35.565690 14.526875
34.846158 13.235888
34.152307 12.089168
33.574126 11.197965
32.995921 10.358874
32.045097 9.079690
31.441212 8.325347
30.721681 7.479248
29.963593 6.644232
29.334003 5.990978
28.550210 5.224484
27.792121 4.528593
26.468705 3.410648
25.749148 2.849939
25.016765 2.310494
24.258676 1.783244
23.076586 1.019758
22.177172 0.483261
21.444788 0.072803
20.712405 -0.315261
19.427520 -0.945267
18.579490 -1.327778
17.782845 -1.664437
17.050461 -1.955468
16.318078 -2.229567
15.444343 -2.535372
14.827606 -2.737898
14.108074 -2.960775
13.414223 -3.162494
12.733249 -3.348301
11.859514 -3.569685
11.127130 -3.741044
10.381894 -3.902584
9.713747 -4.036765
8.904275 -4.186274
8.146186 -4.313733
7.388098 -4.429434
6.642862 -4.532061
5.807685 -4.634386
5.203800 -4.700254
4.432859 -4.775188
3.674770 -4.855729
2.955239 -4.946301
2.210003 -5.054621
1.361973 -5.195856
0.706679 -5.318106
-0.077089 -5.479351
-0.822325 -5.647864
-1.631823 -5.847707
-2.338502 -6.036484
-3.058033 -6.242424
-3.751885 -6.454149
-4.394327 -6.661700
-5.447944 -7.026087
-6.758534 -7.521047
-7.375271 -7.769998
-8.236153 -8.134694
-8.955684 -8.454910
-9.636684 -8.770919
-10.459009 -9.169317
-11.191392 -9.539656
-12.052275 -9.993706
-13.362864 -10.723934
-14.082395 -11.144917
-14.801926 -11.580177
-15.778455 -12.193806
-17.140428 -13.093857
-17.834280 -13.572268
-18.592368 -14.110372
-19.350457 -14.664611
-20.108520 -15.235021
-20.763814 -15.741190
-21.431961 -16.269824
-22.292843 -16.969677
-23.089464 -17.636149
-23.796168 -18.242630
-24.464315 -18.829247
-25.273787 -19.557231
-26.096112 -20.316250
-26.674318 -20.861747
-27.470964 -21.629359
-28.126258 -22.274755
-28.730143 -22.880742
-29.770908 -23.950514
-31.017261 -25.274144
-31.826733 -26.158811
-32.507733 -26.918418
-33.214412 -27.721573
-33.921116 -28.540013
-34.614942 -29.358458
-35.257384 -30.129538
-36.182503 -31.262404
-36.799266 -32.032513
-37.454561 -32.863822
-38.212649 -33.842450
-38.932180 -34.788189
-39.857299 -36.028475
-40.988005 -37.581854
-41.733241 -38.628388
-42.388536 -39.563647
-43.069535 -40.550593
-42.439946 -33.455494
-41.848888 -29.757365
-41.142183 -26.464452
-39.818767 -21.864590
-38.533857 -18.455632
-37.814326 -16.833943
-37.171884 -15.517678
-36.452353 -14.166349
-35.758501 -12.968032
-35.026117 -11.799197
-34.383675 -10.845076
-33.689823 -9.880821
-32.983145 -8.962072
-32.250736 -8.070502
-31.428411 -7.135706
-30.734584 -6.396421
-29.950791 -5.610861
-29.166998 -4.873577
-28.498876 -4.280273
-27.869261 -3.748760
-27.072641 -3.112125
-26.365937 -2.578747
-25.684963 -2.090971
-24.888317 -1.551010
-24.220170 -1.122206
-23.436402 -0.645595
-22.755403 -0.253417
-22.138665 0.085008
-21.354872 0.493215
-20.609636 0.859685
-19.902957 1.188613
-19.132017 1.527757
-18.168341 1.924170
-16.934840 2.389447
-16.189604 2.648850
-15.495778 2.876354
-14.622043 3.144392
-13.966749 3.332413
-13.247218 3.526488
-12.476277 3.720535
-11.743893 3.892017
-10.870159 4.080781
-10.189185 4.216366
-9.456801 4.351273
-8.775802 4.466860
-7.837830 4.611010
-7.259625 4.691431
-6.565798 4.779680
-5.820562 4.864694
-5.075326 4.939859
-4.304386 5.016446
-3.623386 5.096263
-2.813914 5.206353
-2.145767 5.309706
-0.668147 5.578510
0.025679 5.723920
0.783768 5.896871
1.464767 6.064805
2.184298 6.255205
2.916682 6.462728
3.777564 6.724425
4.471416 6.949366
5.062449 7.150877
5.987567 7.484652
6.630010 7.729667
7.362419 8.022273
8.159039 8.356657
8.891422 8.678962
9.713747 9.057915
10.304805 9.341491
11.088573 9.732030
11.820982 10.111989
12.437720 10.443237
13.375691 10.966911
14.095222 11.384976
14.814753 11.817308
15.431516 12.199299
16.343782 12.783714
17.101871 13.287070
17.924196 13.851362
18.695111 14.397753
19.401815 14.913494
20.275525 15.570878
20.917967 16.068278
21.650376 16.649917
22.434144 17.289652
23.050881 17.805707
23.924616 18.556007
24.669852 19.213866
25.260910 19.747420
26.018973 20.447100
26.725677 21.115029
27.496592 21.860990
28.331770 22.689703
28.999917 23.368194
29.629506 24.020239
30.567478 25.014704
31.158536 25.655626
31.852362 26.422165
32.571919 27.233419
33.252893 28.016562
34.088070 28.997641
34.717660 29.752336
35.450043 30.646740
36.105338 31.462147
36.863426 32.423461
37.493016 33.236621
38.238252 34.216642
38.983488 35.215795
40.525370 37.344535
41.707460 39.033546
42.324198 39.934687
41.578962 32.009140
40.885135 28.075152
39.741577 23.494670
38.970636 21.090274
37.544426 17.472353
36.439424 15.168087
35.501453 13.456451
34.871863 12.409291
34.203716 11.374520
33.419923 10.248874
32.751801 9.355953
32.122186 8.564726
31.428360 7.743992
30.606035 6.834250
29.244061 5.460659
28.550210 4.817907
27.933472 4.275869
27.175384 3.644768
26.520089 3.128491
25.736296 2.544237
24.965381 2.002684
24.348618 1.591642
23.706176 1.183358
22.858146 0.673807
22.151467 0.273360
21.354847 -0.153160
20.660995 -0.504232
19.967169 -0.837184
19.119139 -1.220703
18.399608 -1.526829
17.692903 -1.811044
16.909136 -2.107984
16.189579 -2.364377
15.508605 -2.593284
14.789074 -2.821173
13.915339 -3.079339
12.553366 -3.443118
11.808130 -3.623175
11.152835 -3.770872
10.356190 -3.937471
9.739452 -4.056977
8.788629 -4.225572
8.081950 -4.338967
7.388098 -4.440737
6.514389 -4.555811
5.743448 -4.645609
4.420006 -4.777665
3.713328 -4.855783
2.878150 -4.964872
2.030120 -5.094242
1.413383 -5.200112
0.616737 -5.351569
-0.128499 -5.508273
-1.554734 -5.848723
-2.338502 -6.058531
-3.070885 -6.269175
-3.764737 -6.481760
-4.484268 -6.715617
-5.229504 -6.972241
-6.013298 -7.257992
-6.732829 -7.534649
-7.362419 -7.788000
-8.441741 -8.246869
-9.019921 -8.505459
-9.662363 -8.803272
-10.420452 -9.168915
-11.075746 -9.497411
-11.910924 -9.932833
-12.604775 -10.308889
-13.375716 -10.742004
-14.043838 -11.130398
-14.660601 -11.499715
-15.560015 -12.056885
-16.305251 -12.535317
-17.101896 -13.063619
-17.680076 -13.457994
-18.528106 -14.053146
-19.337604 -14.639865
-20.095693 -15.205867
-20.776667 -15.727988
-21.650401 -16.416960
-22.331401 -16.968864
-22.986695 -17.512318
-23.693374 -18.112045
-24.502847 -18.816497
-25.209551 -19.446849
-25.864845 -20.044173
-26.725728 -20.847741
-27.445259 -21.535862
-28.126258 -22.201033
-28.871494 -22.944509
-29.565321 -23.651386
-30.336261 -24.453522
-31.171439 -25.342431
-32.392087 -26.679160
-33.278648 -27.678188
-33.882559 -28.372366
-34.679179 -29.305089
-35.411588 -30.179819
-36.131119 -31.055301
-37.416003 -32.658739
-38.109855 -33.546137
-38.752297 -34.381344
-39.536091 -35.418082
-40.307006 -36.456961
-40.975153 -37.372837
-41.656152 -38.321228
-43.043831 -40.300723
-42.414241 -33.237121
-41.733241 -29.095437
-40.564003 -24.202096
-39.857299 -21.913833
-38.508178 -18.336522
-37.904268 -16.973251
-37.248973 -15.619740
-36.542294 -14.283288
-35.797058 -12.991155
-35.167443 -11.980338
-34.422207 -10.867354
-33.728381 -9.903140
-33.008824 -8.968375
-32.109410 -7.883140
-30.785968 -6.433270
-30.040732 -5.684816
-29.308349 -4.992035
-28.601645 -4.360676
-27.779320 -3.668507
-27.085493 -3.117563
-26.301700 -2.529084
-25.466523 -1.939008
-24.130229 -1.068006
-23.462082 -0.663816
-21.971610 0.168867
-21.354872 0.487327
-20.545400 0.883608
-19.825843 1.216123
-19.067780 1.547264
-18.348223 1.844177
-17.577308 2.144279
-16.896309 2.394508
-16.176777 2.644333
-15.251633 2.944448
-14.596339 3.143224
-13.979601 3.320229
-13.208660 3.528203
-12.412040 3.728124
-11.396980 3.961669
-10.240569 4.200051
-9.456801 4.345557
-8.660155 4.480660
-7.889215 4.599513
-7.118299 4.707028
-5.794858 4.866135
-4.998237 4.946947
-4.407179 5.004269
-3.494913 5.109351
-2.852471 5.195904
-2.132914 5.305195
-1.233500 5.460203
0.089941 5.725604
0.822325 5.891648
1.490472 6.055090
2.389886 6.293186
2.993796 6.464735
3.751859 6.693404
4.471416 6.924228
5.203800 7.172989
6.000420 7.459459
6.630010 7.697621
7.465187 8.029634
8.094802 8.292096
9.135542 8.748981
10.317658 9.302942
11.088573 9.684386
11.936603 10.122486
12.720396 10.544723
13.375691 10.910568
14.108074 11.333344
14.917547 11.817765
15.534284 12.198985
16.433724 12.773873
17.166107 13.258654
17.898491 13.758483
18.682284 14.310158
19.440347 14.860300
20.147051 15.387936
20.956524 16.009910
21.740317 16.630179
22.331350 17.109702
23.333558 17.946163
23.911763 18.442181
24.656999 19.096086
25.350851 19.719773
26.096087 20.405719
26.905560 21.169780
27.548002 21.790351
28.357474 22.590246
29.025621 23.265694
30.490389 24.795053
31.184240 25.543014
31.968008 26.406268
32.546214 27.055690
33.342834 27.968054
34.049538 28.794666
34.743365 29.622100
35.424364 30.449661
36.156748 31.356855
36.940515 32.347601
37.557278 33.141828
38.225400 34.016812
38.996341 35.045501
40.345462 36.895365
40.987929 37.798783
41.707460 38.827995
42.337050 39.743795
43.069434 40.827183
43.737581 41.832652
44.495669 42.993431
45.189496 44.074597
46.384439 45.979260
47.271000 47.427711
47.939147 48.539482
49.224032 50.726900
49.879326 51.867872
50.598857 53.140722
51.382651 54.551393
52.037945 55.750347
52.667535 56.919241
53.502712 58.495805
54.132302 59.704104
54.928922 61.257717
56.316601 64.031214
56.997600 65.424077
57.768541 67.026605
58.500924 68.574629
59.156219 69.981195
59.862898 71.521113
60.556724 72.497010
61.379049 72.791180
62.072901 73.033262
62.702491 73.248187
63.537668 73.526515
64.257199 73.760257
64.963904 73.984525
65.786229 74.239036
66.711347 74.517301
67.906290 74.864520
68.664353 75.077892
69.358205 75.268638
70.167678 75.485811
70.887209 75.674133
71.619593 75.861374
72.210651 76.009290
73.007271 74.854173
73.739654 73.750462
72.570416 61.587822
71.825180 56.418346
71.246975 53.046775
70.617385 49.812387
69.358205 44.304394
68.754295 42.000455
68.034764 39.475730
67.405174 37.433060
66.582849 34.963555
65.323669 31.546012
64.694054 29.977322
64.103021 28.578928
63.396343 26.992535
62.676786 25.464423
62.072901 24.244049
61.301960 22.761582
60.620986 21.517117
59.888603 20.241471
59.220456 19.130463
58.578013 18.106530
57.832777 16.969767
57.036157 15.811315
56.368010 14.882049
55.674158 13.955548
55.006037 13.098532
54.376422 12.320873
53.528417 11.317049
52.821713 10.516753
52.153591 9.788951
51.382651 8.982311
50.624562 8.222172
49.866474 7.493285
49.172647 6.852384
48.517353 6.269142
47.784969 5.641671
47.065438 5.049323
46.345907 4.479961
45.510729 3.846794
44.842582 3.360897
44.225820 2.928092
43.454904 2.407649
42.812462 1.990821
42.028669 1.502378
41.244901 1.035320
39.844370 0.251690
39.111987 -0.133121
38.482397 -0.450724
37.672899 -0.841667
36.991925 -1.155780
36.118190 -1.539643
35.462896 -1.813788
34.781922 -2.086524
34.100922 -2.347181
33.368539 -2.614343
32.584746 -2.885528
31.916624 -3.104963
31.132831 -3.348968
30.503241 -3.534711
29.693768 -3.760414
28.909975 -3.965231
28.177592 -4.144699
27.445208 -4.312919
26.777061 -4.456779
25.890499 -4.633836
25.170968 -4.766191
24.489969 -4.882298
23.731880 -5.001281
22.973792 -5.109664
22.254261 -5.202926
21.431936 -5.298287
20.673847 -5.375804
20.069962 -5.430552
19.376111 -5.485925
18.540933 -5.542392
17.731461 -5.599151
16.909136 -5.665796
16.202431 -5.730355
15.521457 -5.798978
14.711959 -5.888795
13.953896 -5.981079
13.285749 -6.069018
12.373483 -6.199145
11.666779 -6.307992
10.998632 -6.417402
10.202012 -6.556169
9.469628 -6.691787
8.814333 -6.819706
7.927746 -7.002737
7.233920 -7.154024
6.424447 -7.339535
5.782005 -7.493723
5.036769 -7.680353
4.265828 -7.882270
3.520592 -8.086080
2.801061 -8.290971
2.081505 -8.503900
1.246327 -8.761200
0.449707 -9.016879
-0.256972 -9.252148
-0.989381 -9.504446
-1.786001 -9.788728
-2.454148 -10.035158
-3.250768 -10.338589
-3.996004 -10.632004
-4.754093 -10.940044
-5.627827 -11.307160
-6.912712 -11.870823
-7.657948 -12.210889
-9.186977 -12.939284
-9.855098 -13.270676
-10.677449 -13.689663
-12.129364 -14.459711
-12.900304 -14.884538
-13.517042 -15.232460
-14.390776 -15.737774
-15.020366 -16.111002
-15.881248 -16.633839
-16.587927 -17.073929
-17.256074 -17.499167
-18.014163 -17.992528
-18.707989 -18.454313
-19.633108 -19.085462
-20.288402 -19.543319
-20.995107 -20.047249
-21.714638 -20.571273
-23.282199 -21.751779
-23.988903 -22.301708
-24.695582 -22.862816
-25.338024 -23.382753
-26.160374 -24.062132
-26.841348 -24.636628
-27.650846 -25.333785
-28.408935 -26.000882
-29.115614 -26.635294
-29.899407 -27.353305
-30.516144 -27.929048
-31.325617 -28.699311
-31.980911 -29.335166
-32.700468 -30.046239
-33.497088 -30.849401
-34.088146 -31.456289
-34.974708 -32.384402
-35.604323 -33.056695
-37.030533 -34.620885
-37.685828 -35.359173
-38.443916 -36.228994
-39.112063 -37.009818
-39.831594 -37.865818
-40.615387 -38.816420
-41.244977 -39.593942
-41.990213 -40.530613
-42.748302 -41.501922
-43.429301 -42.390643
-44.727038 -44.127614
-45.523683 -45.222769
-46.731479 -46.926268
-47.399626 -47.891510
-48.042068 -48.835343
-48.735894 -49.872310
-49.583924 -51.165149
-50.958775 -53.322234
-52.205103 -55.345288
-52.963191 -56.608388
-53.618486 -57.720627
-54.273780 -58.852221
-54.929075 -60.003591
-55.751425 -61.477141
-56.406720 -62.674749
-57.087694 -63.941840
-57.845782 -65.380137
-58.513929 -66.672632
-59.207781 -68.040143
-59.953017 -69.538407
-60.608312 -70.881769
-61.430637 -72.602890
-62.008842 -73.011143
-62.908282 -73.317479
-63.512167 -73.518129
-64.270255 -73.764447
-65.002639 -73.996668
-66.505963 -74.456248
-67.199815 -74.660873
-67.842257 -74.846254
-68.664582 -75.077956
-69.242788 -75.237206
-70.013728 -75.444945
-70.887463 -75.674198
-71.555610 -75.845192
-72.403640 -75.763853
-73.161728 -74.621404
-73.778466 -73.691973
-74.523702 -72.568892
-73.906964 -65.423445
-72.853347 -57.422447
-72.236609 -53.821103
-71.594142 -50.566476
-70.476288 -45.735368
-69.808141 -43.217079
-69.062905 -40.656670
-67.945051 -37.209493
-67.186962 -35.091221
-66.518815 -33.347734
-65.927757 -31.890589
-65.156842 -30.097225
-64.565784 -28.796445
-63.897637 -27.396198
-63.306579 -26.214541
-62.265814 -24.251756
-61.135108 -22.272108
-60.338487 -20.962881
-59.644636 -19.875106
-58.809458 -18.625915
-57.421780 -16.683202
-56.239664 -15.146889
-55.288866 -13.983161
-54.646398 -13.230638
-53.978277 -12.475444
-53.310130 -11.746865
-52.603425 -11.003920
-51.639749 -10.034389
-50.406275 -8.862413
-49.519688 -8.064985
-48.633126 -7.303044
-47.386773 -6.288589
-46.808568 -5.839398
-46.011922 -5.241770
-45.253859 -4.695158
-43.801919 -3.705447
-43.133772 -3.274151
-41.733241 -2.416897
-40.975153 -1.978239
-40.319858 -1.612848
-39.587475 -1.219156
-38.842239 -0.834010
-38.045593 -0.439022
-37.248973 -0.060811
-36.542294 0.261070
-35.822738 0.576013
-34.897619 0.962482
-34.319413 1.193765
-33.561325 1.485355
-32.803262 1.764036
-31.968059 2.056532
-31.274233 2.288211
-30.580381 2.509884
-29.860850 2.729419
-29.012820 2.974956
-28.203347 3.196326
-27.470964 3.385932
-26.815669 3.547164
-26.057581 3.723977
-25.415138 3.865823
-24.515699 4.052353
-23.796168 4.191657
-23.038079 4.329095
-22.344228 4.446659
-21.534755 4.574072
-20.776667 4.684071
-20.121372 4.772023
-19.311899 4.871711
-18.540959 4.957618
-17.628692 5.048120
-16.305251 5.158433
-15.637104 5.204907
-14.750542 5.262086
-14.069543 5.310464
-13.337159 5.367282
-12.630480 5.426818
-11.820982 5.500715
-11.062894 5.575448
-10.253421 5.661164
-9.598127 5.735038
-8.929980 5.814502
-8.133359 5.914719
-7.298182 6.026194
-6.617183 6.121957
-5.923356 6.224029
-5.255209 6.326631
-4.368622 6.469316
-3.700475 6.581787
-3.070885 6.691663
-2.248560 6.840879
-1.593266 6.964425
-0.835177 7.112496
-0.025705 7.276713
0.822325 7.455538
1.426210 7.587125
2.158619 7.751469
2.891003 7.921028
3.790417 8.136422
4.484268 8.307999
5.190947 8.487609
5.871947 8.665345
6.630010 8.868582
7.388098 9.077519
8.197596 9.306930
8.865718 9.501196
9.572422 9.711539
10.613187 10.030437
11.949455 10.455891
12.720396 10.709578
13.337134 10.916874
14.262252 11.235104
15.020341 11.502413
15.739872 11.761594
16.536518 12.054786
17.256049 12.325249
18.065521 12.635956
18.836462 12.938233
19.658787 13.267527
20.301229 13.529739
21.136407 13.877138
21.894495 14.198879
22.575495 14.493123
23.410672 14.860758
24.284381 15.253376
24.913971 15.541403
25.710617 15.912014
26.430148 16.252689
27.201089 16.623988
27.869210 16.951047
28.627299 17.328110
29.359682 17.698435
30.040682 18.048135
30.721681 18.403019
31.595390 18.865956
32.289242 19.239732
33.047305 19.654342
33.754009 20.046760
34.512098 20.474069
35.424364 20.997056
36.773485 21.788170
37.467337 22.203313
38.276809 22.694784
39.009193 23.146122
39.703019 23.579576
40.461108 24.059748
41.065018 24.447201
41.861638 24.965024
42.671111 25.499091
43.364963 25.963241
44.097346 26.459580
44.701231 26.873815
45.562114 27.472167
46.397291 28.061502
47.733560 29.022703
48.440264 29.540213
49.262589 30.150439
49.943588 30.662385
50.663119 31.209829
51.408355 31.783950
51.999388 32.244457
52.898802 32.954097
53.605506 33.519237
54.273653 34.059694
54.877538 34.553345
55.892598 35.394266
54.916095 28.023074
54.260801 25.250118
53.669743 23.239469
52.924507 21.106880
51.601091 18.017844
50.868682 16.570019
50.290501 15.525080
49.326825 13.939895
48.054793 12.088422
47.425204 11.255219
46.679968 10.329472
45.664907 9.161215
45.086702 8.538202
43.737581 7.189247
43.005197 6.511822
42.324198 5.912973
41.617519 5.320802
40.885135 4.736301
40.127047 4.160403
39.458900 3.675770
38.713664 3.158973
37.968428 2.665715
37.184660 2.170808
36.439424 1.721593
35.796982 1.350157
34.987484 0.901901
34.306510 0.541049
33.728304 0.245765
32.918832 -0.151245
32.122186 -0.524151
31.441212 -0.829547
30.644567 -1.171875
29.989272 -1.441872
29.218357 -1.746658
28.563062 -1.995217
27.804974 -2.271167
27.072590 -2.526372
26.391591 -2.753989
25.710617 -2.972580
24.772645 -3.259434
24.181587 -3.432009
23.307878 -3.675934
22.691115 -3.840338
22.022968 -4.011391
21.110702 -4.233464
20.442580 -4.387957
19.684492 -4.555167
19.067729 -4.685032
18.091226 -4.879655
17.345990 -5.019386
16.587902 -5.153946
15.855518 -5.276876
15.161692 -5.387092
14.146606 -5.537699
12.810338 -5.717338
12.013692 -5.814707
10.536072 -5.976799
9.816541 -6.047292
9.045600 -6.116870
8.377479 -6.172296
7.696479 -6.224230
6.771361 -6.287566
6.103214 -6.330282
5.306593 -6.387466
4.715535 -6.434763
3.713328 -6.524435
3.045181 -6.590836
2.274240 -6.674027
1.618945 -6.750275
0.758088 -6.858171
0.025679 -6.956876
-0.693852 -7.060028
-1.516177 -7.185417
-2.171471 -7.291065
-2.929560 -7.419623
-3.674796 -7.552626
-4.445711 -7.697124
-5.229504 -7.851242
-5.833415 -7.974945
-6.591478 -8.136330
-7.362419 -8.307429
-8.146212 -8.488591
-8.955684 -8.683319
-9.533890 -8.827163
-10.343363 -9.035193
-11.101451 -9.237056
-11.769598 -9.420617
-12.604775 -9.657512
-13.542747 -9.933430
-14.789074 -10.316221
-15.521483 -10.549783
-16.472281 -10.862508
-17.294631 -11.141668
-17.924221 -11.360840
-18.566663 -11.589361
-19.466077 -11.917569
-20.082840 -12.148222
-20.956549 -12.482757
-21.611844 -12.739665
-22.369932 -13.043299
-23.076637 -13.332567
-23.911814 -13.682164
-24.605640 -13.978978
-25.350876 -14.304250
-26.134670 -14.653586
-26.789964 -14.951352
-27.715083 -15.380579
-28.434614 -15.721597
-29.192703 -16.087696
-29.873702 -16.422532
-30.631790 -16.801923
-31.723940 -17.360844
-32.867498 -17.961733
-33.625587 -18.368929
-34.255177 -18.712482
-35.077502 -19.168570
-35.797058 -19.574517
-36.555121 -20.009128
-37.261825 -20.420721
-37.942825 -20.823224
-38.790855 -21.332538
-39.523238 -21.779634
-40.332711 -22.281616
-40.910916 -22.645223
-41.527654 -23.037704
-42.529887 -23.685757
-43.185182 -24.116355
-43.866156 -24.569607
-44.727038 -25.151060
-45.472274 -25.662050
-46.166126 -26.144206
-46.847125 -26.623448
-47.463862 -27.062623
-48.286187 -27.655846
-48.941482 -28.134850
-49.725275 -28.715119
-50.380570 -29.206409
-51.164363 -29.801421
-52.423543 -30.774228
-53.335809 -31.492102
-53.914015 -31.952816
-54.556457 -32.469933
-55.430191 -33.182072
-56.753633 -34.280263
-56.085486 -28.733095
-55.455896 -25.764649
-54.260953 -21.794526
-53.515692 -19.872571
-52.847570 -18.371214
-52.115161 -16.904786
-51.524129 -15.830216
-50.843129 -14.690816
-50.020804 -13.432565
-48.735894 -11.675532
-48.003511 -10.768399
-47.296832 -9.948273
-46.615833 -9.203698
-45.921981 -8.486704
-45.215302 -7.795672
-44.521450 -7.152329
-43.801919 -6.518900
-43.069535 -5.906616
-42.388536 -5.364467
-41.476270 -4.676082
-40.152828 -3.747612
-39.369035 -3.233462
-38.739445 -2.838246
-37.981357 -2.382175
-37.223268 -1.946563
-36.478032 -1.537173
-35.771353 -1.165314
-35.000413 -0.776873
-34.370823 -0.472373
-33.587030 -0.108531
-32.751852 0.261424
-32.070853 0.550157
-31.364174 0.838029
-30.516144 1.168345
-29.886554 1.403319
-29.192703 1.652544
-28.434614 1.913591
-27.637994 2.175723
-27.034084 2.366416
-26.031876 2.668184
-25.363729 2.859535
-24.644198 3.057123
-23.988903 3.229653
-23.217962 3.423854
-22.421342 3.614868
-21.663254 3.787821
-20.879460 3.957875
-20.198461 4.098604
-19.350457 4.264987
-18.630900 4.398680
-17.949926 4.519049
-17.178985 4.648284
-16.485133 4.758369
-15.482926 4.907261
-14.827631 4.998321
-14.069543 5.097625
-13.414248 5.178359
-12.579071 5.274561
-11.820982 5.355541
-11.165688 5.420791
-10.433304 5.488617
-9.778009 5.544835
-8.968537 5.608579
-8.146212 5.667025
-7.465212 5.710798
-6.797065 5.755587
-6.064682 5.810990
-5.229504 5.882210
-4.522826 5.949161
-3.854679 6.018095
-3.083738 6.104435
-2.364207 6.191585
-1.580413 6.293731
-0.796646 6.403389
-0.064262 6.512646
0.603885 6.618039
2.068678 6.868174
2.839593 7.010340
3.636239 7.164872
4.432859 7.327141
5.242331 7.499957
5.833389 7.631191
6.578625 7.802730
7.323861 7.981041
8.274685 8.218376
8.891422 8.378215
9.572422 8.560098
10.343337 8.772823
11.075746 8.981640
11.846662 9.208507
12.617602 9.442637
13.337134 9.667703
14.056665 9.899094
14.917547 10.184256
15.714193 10.456215
16.369462 10.685733
17.204639 10.985886
17.949875 11.260932
19.491757 11.851624
20.249845 12.152751
20.930819 12.429271
21.804554 12.792421
22.498380 13.087495
23.256469 13.416685
24.091646 13.787563
24.734088 14.078719
25.556413 14.458851
26.481532 14.896516
27.804974 15.541095
28.473121 15.874789
30.092066 16.706421
31.544006 17.480128
32.250685 17.866262
33.754009 18.708567
34.499245 19.136676
35.090278 19.481189
35.835514 19.921887
36.670691 20.424139
37.428780 20.887705
38.186868 21.358588
38.893547 21.804144
39.561694 22.231279
40.486813 22.832140
41.090698 23.230292
41.797402 23.702199
42.658259 24.285754
44.071642 25.264673
44.739789 25.736475
45.395083 26.204856
46.178851 26.772439
46.949792 27.338591
47.669323 27.874040
48.453116 28.465081
49.108411 28.965460
49.943588 29.611455
50.624562 30.145046
51.305562 30.684847
52.050798 31.282682
52.796034 31.887977
53.541270 32.500756
54.196539 33.045764
54.890391 33.629211
55.751273 34.362221
56.380863 34.904703
55.507128 28.130551
54.916095 25.526995
54.260801 23.242076
53.477008 20.993632
52.192123 18.002843
51.549681 16.727742
50.881534 15.517242
50.072061 14.180258
49.455324 13.241690
48.684383 12.151240
48.054793 11.320369
47.309557 10.397684
46.602879 9.576939
45.806233 8.708036
45.099554 7.982206
44.444260 7.343433
43.737581 6.688465
42.966640 6.010817
42.247109 5.410343
41.553257 4.858374
40.808021 4.293071
39.985696 3.700097
38.559486 2.741746
37.852782 2.297159
37.184660 1.893955
36.285221 1.375937
35.668483 1.036312
35.013189 0.688643
34.242248 0.296219
33.664068 0.013181
32.854570 -0.367603
32.057950 -0.725465
31.402655 -1.007857
30.490389 -1.383787
29.835094 -1.641972
29.115563 -1.914522
28.460268 -2.153126
27.702180 -2.418139
27.072590 -2.629551
26.147471 -2.926439
25.479324 -3.131031
24.721236 -3.353542
24.053114 -3.541430
23.384967 -3.721863
22.601174 -3.924303
21.830259 -4.114005
21.046465 -4.297610
20.314082 -4.460986
19.620230 -4.608682
18.849315 -4.764925
18.052669 -4.917938
17.294606 -5.055798
16.575049 -5.179860
15.739872 -5.315784
15.046046 -5.422278
14.223721 -5.541143
13.555574 -5.631993
12.771780 -5.732182
11.988013 -5.825638
11.204219 -5.912532
10.587482 -5.976395
9.726600 -6.059046
9.084158 -6.115901
8.197596 -6.187744
7.452360 -6.242331
6.681419 -6.293348
6.013272 -6.336681
5.242331 -6.393021
4.471416 -6.456242
3.816121 -6.515392
3.006623 -6.595324
2.145767 -6.688649
1.541856 -6.759238
0.680974 -6.867159
-0.038557 -6.963942
-0.732384 -7.062941
-1.606118 -7.195538
-2.312797 -7.309248
-3.019501 -7.428744
-3.803269 -7.568037
-4.509973 -7.699735
-5.512181 -7.896428
-6.707124 -8.146170
-7.439508 -8.307428
-8.030566 -8.442109
-9.032773 -8.679753
-9.675216 -8.838231
-10.433304 -9.031412
-11.101451 -9.207222
-11.743893 -9.381172
-12.656160 -9.636451
-13.401396 -9.852198
-14.172336 -10.082215
-14.866188 -10.295174
-15.855544 -10.608580
-16.575075 -10.843718
-17.230369 -11.063150
-17.962753 -11.314368
-18.643752 -11.553621
-19.581724 -11.892100
-20.301255 -12.158787
-20.943697 -12.402069
-21.766047 -12.720606
-22.421342 -12.980170
-23.217962 -13.302576
-24.001755 -13.627152
-24.901169 -14.008623
-26.237463 -14.593219
-26.995552 -14.934363
-27.727935 -15.270486
-28.460319 -15.613056
-29.089909 -15.912706
-30.002175 -16.355380
-30.721732 -16.711641
-31.531204 -17.119921
-32.173647 -17.449620
-33.047381 -17.906081
-33.754060 -18.282082
-34.435059 -18.650200
-35.180295 -19.059558
-35.874147 -19.446827
-36.580826 -19.847353
-37.390299 -20.313720
-38.007061 -20.674506
-38.970737 -21.247684
-39.574622 -21.612759
-40.551151 -22.212756
-41.180741 -22.605924
-41.861740 -23.036804
-42.594124 -23.506720
-43.326507 -23.983417
-43.917565 -24.373086
-44.701333 -24.896655
-45.497979 -25.436856
-46.089037 -25.842899
-46.808568 -26.343253
-47.643745 -26.932389
-48.221951 -27.345537
-49.005744 -27.912508
-49.661039 -28.392663
-50.419102 -28.955115
-51.164363 -29.515410
-51.896747 -30.073143
-52.539189 -30.568214
-53.387219 -31.230091
-54.016808 -31.727667
-54.672103 -32.251182
-55.468749 -32.895377
-56.124043 -33.431676
-56.894984 -34.070053
-56.072634 -27.734078
-55.417339 -24.911771
-54.235248 -21.214063
-53.567101 -19.550988
-52.873250 -18.031787
-52.140866 -16.602393
-51.511276 -15.487202
-50.791745 -14.317888
-50.213539 -13.447229
-49.468303 -12.402647
-48.723067 -11.433882
-48.042068 -10.606462
-47.296832 -9.756878
-46.667217 -9.079917
-45.138213 -7.571354
-44.560007 -7.045135
-43.737682 -6.333803
-43.056683 -5.775152
-42.465625 -5.310998
-41.579063 -4.648312
-40.859507 -4.137992
-40.114271 -3.633636
-39.446149 -3.201103
-38.623799 -2.692651
-37.878563 -2.253344
-37.223268 -1.882972
-36.413796 -1.444918
-35.822738 -1.137992
-35.000413 -0.728215
-34.255177 -0.373366
-33.587030 -0.067942
-32.739000 0.303193
-31.222823 0.923395
-30.606086 1.160660
-29.950791 1.403726
-29.154171 1.687136
-28.383230 1.949271
-27.650846 2.187661
-26.828496 2.443449
-26.096112 2.661050
-25.376581 2.865798
-24.489994 3.106199
-23.898962 3.259406
-23.140873 3.447920
-22.421342 3.618773
-21.740343 3.773448
-20.789519 3.978332
-19.401841 4.255087
-18.630900 4.397872
-17.859959 4.533102
-17.153280 4.650603
-16.395192 4.769965
-15.547162 4.895507
-14.930425 4.981647
-14.043838 5.098060
-13.285775 5.190830
-12.694717 5.258937
-11.808130 5.354319
-11.229950 5.412233
-10.330510 5.495757
-9.610979 5.556941
-8.955684 5.608404
-8.184744 5.663859
-7.516597 5.707556
-6.694272 5.761939
-5.949036 5.818260
-5.293741 5.873338
-4.535653 5.943536
-3.867531 6.011164
-3.045206 6.101805
-2.338502 6.186227
-1.606118 6.280080
-0.976528 6.365934
-0.192735 6.479499
0.629590 6.606612
1.439062 6.739703
2.068678 6.848685
2.903855 7.000622
3.649091 7.143296
4.381475 7.290031
5.190947 7.459735
5.820537 7.597188
6.514389 7.754206
7.336714 7.947815
8.056245 8.123914
8.865718 8.329491
9.521012 8.501704
10.202012 8.686167
11.062894 8.927370
11.859514 9.158547
12.514809 9.354463
13.401370 9.627792
14.030985 9.827681
14.866163 10.100242
15.688488 10.376870
16.343782 10.603184
17.166107 10.894562
18.026990 11.208409
18.746521 11.477642
19.427520 11.738266
20.224140 12.050314
21.007908 12.364887
21.830259 12.703017
22.511233 12.989279
23.230764 13.297922
24.117351 13.686959
24.849734 14.015615
25.530734 14.327133
26.365911 14.716980
27.021206 15.028888
27.856383 15.434109
28.537357 15.770903
29.244061 16.126504
29.989272 16.508200
30.657419 16.856300
31.505449 17.306132
32.237832 17.701848
33.047305 18.147028
33.728304 18.527917
34.396451 18.907281
35.270161 19.411844
35.874071 19.766229
36.670691 20.240756
37.415927 20.691958
38.238252 21.198024
38.906399 21.615550
39.613078 22.063357
40.294077 22.500940
41.244901 23.121857
41.938727 23.582290
42.671111 24.075049
43.364963 24.548287
44.045937 25.018814
44.842582 25.576923
45.703439 26.189328
47.065438 27.178074
47.746412 27.681579
48.504500 28.249307
49.198352 28.775602
49.917883 29.328132
50.650267 29.897621
51.382651 30.474286
52.153591 31.089089
52.796034 31.607534
53.502712 32.184259
54.183712 32.746435
55.070273 33.487764
55.969687 34.250817
57.113246 35.237048
57.819925 35.855529
58.513777 36.469521
59.271840 37.147995
59.939987 37.752654
60.633839 38.387205
61.327665 39.028516
62.098606 39.749091
62.805285 40.417022
63.486284 41.067423
64.154406 41.711983
64.745464 42.287551
65.542084 43.071280
66.313025 43.838516
66.929762 44.458529
67.674998 45.215159
68.330293 45.887226
69.126913 46.712788
69.795060 47.412481
70.463207 48.118841
71.272679 48.983585
71.850885 49.607322
72.660358 50.489052
73.508387 51.423495
74.716183 52.773425
75.589892 53.764017
76.913334 55.287190
77.658570 56.157017
79.174721 57.953857
80.523842 59.583733
81.217694 60.433454
82.027166 61.261073
82.682461 60.273536
83.427697 59.150456
84.185785 58.008007
84.853907 57.001139
85.868967 55.471430
86.472878 54.561329
87.102467 53.612529
87.950497 52.334537
89.518033 49.972241
90.211885 48.926597
90.944268 47.822885
91.715209 46.661068
92.331946 45.731636
91.162708 38.130570
90.571650 35.774429
89.967765 33.758823
88.785649 30.513193
88.104675 28.926979
86.652760 26.007248
85.997466 24.846520
85.355024 23.783710
84.018730 21.771331
83.389140 20.901900
82.669609 19.961136
82.065724 19.210900
81.230546 18.226597
80.600956 17.521817
79.804311 16.671695
79.213278 16.068733
78.352396 15.229321
77.620012 14.548754
76.309423 13.400756
75.641302 12.847187
74.998834 12.333512
74.099420 11.643236
73.495535 11.197577
72.814536 10.711215
72.082152 10.206379
71.491119 9.812091
70.707326 9.306405
69.936411 8.827245
69.242559 8.410686
68.625822 8.051610
67.674998 7.517716
66.955467 7.128868
66.261615 6.765724
65.477847 6.368927
64.784021 6.029071
63.948843 5.633619
63.306401 5.339194
62.638254 5.041682
61.893018 4.719954
61.186339 4.424394
60.286900 4.061140
59.670163 3.820149
58.989163 3.561447
58.115454 3.240561
57.511544 3.025786
56.792012 2.777163
56.033924 2.523530
55.301540 2.286366
53.811094 1.826699
53.130094 1.626561
52.449095 1.432410
51.613918 1.202265
50.162003 0.822335
49.301121 0.608727
48.632999 0.448736
47.900615 0.279027
47.155379 0.112287
46.384439 -0.054037
45.574966 -0.222086
44.816878 -0.373492
44.123051 -0.507111
43.172228 -0.682715
41.874491 -0.908770
41.142107 -1.029598
40.409724 -1.145680
39.664488 -1.259027
38.880694 -1.373147
38.161163 -1.473405
37.441632 -1.569433
36.645012 -1.670910
35.822661 -1.770434
35.154540 -1.847453
34.422156 -1.927997
33.766862 -1.996679
32.905979 -2.082135
32.173596 -2.150644
31.479744 -2.212056
30.657419 -2.280514
29.950740 -2.335659
29.154095 -2.393810
28.447416 -2.441891
27.715032 -2.488301
26.982649 -2.531284
26.070382 -2.580112
25.479324 -2.609000
24.644147 -2.648347
23.950320 -2.684402
23.333558 -2.719308
22.318497 -2.782632
21.688908 -2.825592
20.956524 -2.879127
20.211288 -2.937545
19.504609 -2.996627
18.720816 -3.066368
17.937048 -3.140550
17.076166 -3.227172
16.433724 -3.295333
15.482900 -3.401754
14.840458 -3.477417
14.133779 -3.564157
13.375691 -3.661313
12.489104 -3.780347
11.589690 -3.907090
10.369042 -4.088793
9.482480 -4.227796
8.865718 -4.328005
7.850657 -4.499219
7.272477 -4.600256
6.527241 -4.734262
5.756300 -4.877383
5.088153 -5.005131
4.265828 -5.167106
3.494888 -5.323740
2.813888 -5.465963
2.132914 -5.611820
1.361973 -5.781355
0.501091 -5.976228
-0.205588 -6.140597
-1.079322 -6.349336
-1.824558 -6.532217
-2.659736 -6.742491
-3.237916 -6.891370
-4.098798 -7.118082
-4.741240 -7.291214
-5.447944 -7.485577
-6.206033 -7.698651
-6.925564 -7.905290
-7.799273 -8.162001
-8.377479 -8.335399
-9.161272 -8.574936
-10.009302 -8.839949
-10.664596 -9.048913
-11.422685 -9.295227
-12.103659 -9.520685
-13.080187 -9.850973
-13.786866 -10.095145
-14.480718 -10.339120
-15.238806 -10.610504
-15.945485 -10.868040
-16.844899 -11.202212
-17.474514 -11.440427
-18.219750 -11.726974
-19.029223 -12.043885
-19.710222 -12.315093
-20.571079 -12.663972
-21.239226 -12.939429
-21.971610 -13.246093
-22.626904 -13.524689
-23.513491 -13.907986
-24.374373 -14.287222
-25.055347 -14.592159
-25.710642 -14.889753
-27.393849 -15.672999
-28.113406 -16.016175
-28.845789 -16.370647
-29.501084 -16.692263
-30.426203 -17.153516
-31.055793 -17.472280
-31.762497 -17.834806
-32.584822 -18.262965
-33.381442 -18.684270
-34.049589 -19.042619
-34.743441 -19.419604
-35.565766 -19.872833
-36.311002 -20.289652
-36.914912 -20.631694
-37.878563 -21.185456
-38.508178 -21.552595
-39.330503 -22.038501
-40.062887 -22.477404
-41.501974 -23.356845
-42.195801 -23.788989
-42.992446 -24.291769
-43.647741 -24.710665
-44.482918 -25.251572
-45.189597 -25.715451
-45.909154 -26.193663
-46.641537 -26.686541
-47.258275 -27.106432
-48.003511 -27.619760
-48.748747 -28.139649
-49.429746 -28.620512
-50.213539 -29.180853
-50.907366 -29.683084
-51.626922 -30.210151
-52.372158 -30.762749
-53.014601 -31.244659
-53.862630 -31.888703
-54.453688 -32.342959
-55.198924 -32.922055
-55.957013 -33.518461
-56.663692 -34.081135
-57.408928 -34.681591
-58.141311 -35.278839
-58.758074 -35.787346
-59.528989 -36.430144
-60.274251 -37.059220
-61.058019 -37.729017
-61.854664 -38.418542
-63.190958 -39.595158
-64.038988 -40.355034
-64.758519 -41.007902
-66.030551 -42.180599
-66.737255 -42.842467
-67.546728 -43.609792
-68.394758 -44.424335
-69.641110 -45.641573
-70.463435 -46.457981
-71.144435 -47.142194
-71.889671 -47.899468
-72.609227 -48.639194
-73.200260 -49.253142
-73.996906 -50.089840
-74.703584 -50.840955
-75.513082 -51.711776
-76.245466 -52.509351
-76.964997 -53.302026
-77.800200 -54.233587
-78.468322 -54.987765
-79.239262 -55.868052
-79.856025 -56.580138
-80.704055 -57.570774
-81.385054 -58.376089
-82.323026 -59.499796
-82.939763 -59.885779
-83.723556 -58.704592
-84.481645 -57.562143
-85.188323 -56.497169
-85.972117 -55.315982
-86.743057 -54.154165
-87.552530 -52.934279
-88.233529 -51.908004
-89.325704 -50.262083
-89.916737 -49.371389
-90.790471 -48.054659
-91.754147 -46.602387
-92.396589 -45.634218
-93.308856 -44.259421
-94.054117 -43.136302
-94.747944 -42.090697
-94.118354 -37.799580
-93.488764 -35.223848
-92.782060 -33.014779
-92.126765 -31.319694
-90.726235 -28.362279
-90.032383 -27.120620
-89.325704 -25.964913
-88.670384 -24.973783
-87.835207 -23.804067
-87.218469 -22.997642
-86.550322 -22.171582
-85.843618 -21.345469
-85.239733 -20.674178
-84.417383 -19.805884
-83.672147 -19.060064
-83.016852 -18.433374
-82.297321 -17.773906
-81.603469 -17.164102
-80.781144 -16.471891
-80.164381 -15.972820
-79.470555 -15.430532
-78.686762 -14.840693
-77.967230 -14.319070
-77.234847 -13.806391
-76.425349 -13.259829
-75.808611 -12.856769
-75.089055 -12.400310
-74.151084 -11.826364
-73.470084 -11.423774
-72.776258 -11.025171
-72.120963 -10.658947
-71.182992 -10.151215
-70.527697 -9.807473
-69.718199 -9.394709
-69.050052 -9.063493
-68.369078 -8.734375
-67.341140 -8.253038
-66.017724 -7.659297
-65.259636 -7.331656
-63.666370 -6.670906
-63.023902 -6.414642
-62.252987 -6.114511
-61.482046 -5.822145
-60.685401 -5.527925
-60.068663 -5.305487
-59.246338 -5.015925
-58.501077 -4.760226
-57.781546 -4.519242
-56.882132 -4.225894
-55.558690 -3.809582
-54.826306 -3.586761
-53.335809 -3.149232
-52.603425 -2.941807
-51.909599 -2.749746
-51.112953 -2.534424
-50.496216 -2.371458
-49.661039 -2.155833
-48.787304 -1.936334
-48.132009 -1.775691
-47.502420 -1.624490
-46.577275 -1.407771
-45.960538 -1.266831
-45.163918 -1.088870
-44.508598 -0.945861
-43.789067 -0.792286
-42.928184 -0.613185
-42.272890 -0.480175
-41.501974 -0.327295
-40.718181 -0.175771
-39.908709 -0.023335
-39.189152 0.108782
-38.533857 0.226377
-37.724385 0.368124
-36.914912 0.506058
-36.118267 0.638157
-35.450120 0.746209
-34.769120 0.853810
-33.908263 0.986241
-32.443471 1.202582
-31.608293 1.320981
-30.991556 1.406155
-30.182083 1.515084
-29.462527 1.609228
-28.665907 1.710557
-27.946350 1.799507
-27.175435 1.892136
-26.404494 1.982049
-25.633553 2.069288
-24.875465 2.152504
-24.065992 2.238594
-23.372140 2.310146
-22.472726 2.399868
-21.740343 2.470438
-21.085048 2.531715
-20.352664 2.598144
-19.594576 2.664647
-18.836488 2.728888
-18.001310 2.797078
-17.294631 2.852693
-16.536543 2.910258
-15.945485 2.953653
-15.097455 3.013670
-14.300835 3.067670
-13.465658 3.121845
-12.681864 3.170447
-11.910924 3.216165
-11.140008 3.259839
-10.433304 3.298104
-9.700920 3.335992
-8.955684 3.372721
-8.210448 3.407632
-7.413828 3.443096
-6.707124 3.474728
-6.000445 3.507163
-5.255209 3.542247
-4.535653 3.576982
-3.777590 3.614500
-3.032354 3.652314
-2.274265 3.691734
-1.606118 3.727282
-0.873735 3.767120
0.012852 3.816578
0.706679 3.856232
1.374826 3.895212
2.042973 3.934978
3.045181 3.996112
3.790417 4.042738
4.574210 4.092860
5.319446 4.141556
6.681419 4.233202
7.452360 4.286613
8.159039 4.336559
9.032773 4.399628
10.446131 4.504770
11.255629 4.566750
12.065102 4.630026
12.694691 4.680146
13.606958 4.754190
14.352194 4.815937
15.123135 4.881019
15.855518 4.943993
16.819194 5.028573
17.410227 5.081425
18.206872 5.153850
19.042050 5.231258
19.774433 5.300399
20.429728 5.363270
21.277758 5.446061
21.945879 5.512434
22.806762 5.599464
23.577702 5.678858
24.310086 5.755569
24.991060 5.828035
25.787706 5.914218
26.507237 5.993378
27.303857 6.082497
28.036266 6.165819
28.820034 6.256471
29.501033 6.336501
30.207712 6.420804
31.042889 6.522107
31.788125 6.614045
32.597598 6.715581
33.329982 6.808966
34.100922 6.908848
35.013189 7.029160
36.285221 7.200822
36.979073 7.296406
37.711456 7.398812
38.572338 7.521201
39.253312 7.619577
40.101342 7.744045
40.782342 7.845592
41.463316 7.948575
42.311345 8.078861
43.030877 8.191204
43.840375 8.319599
44.508496 8.427192
45.510729 8.591383
46.885555 8.822177
47.579382 8.941145
48.324618 9.070827
49.211179 9.227705
50.688799 9.495596
51.459740 9.638625
52.115034 9.761994
52.924507 9.916702
53.772537 10.081569
54.427831 10.210955
55.237304 10.373221
56.072481 10.543513
56.676392 10.668501
57.601485 10.863030
58.205395 10.992058
59.785809 11.337535
60.453956 11.487074
61.263428 11.671088
62.034344 11.849292
62.676786 12.000043
63.473432 12.189869
64.270052 12.382955
65.002435 12.563414
65.734819 12.746753
66.480055 12.936327
67.238143 13.132362
67.944822 13.318063
68.882793 13.569065
70.309003 13.960911
70.990003 14.152490
70.026352 11.429622
69.268264 10.426870
68.574412 9.708513
67.816349 9.047427
67.173907 8.555919
66.364409 8.001903
65.683435 7.579619
64.989583 7.182282
64.257199 6.792834
63.679019 6.503938
62.843842 6.111470
62.008664 5.744449
61.314813 5.456388
60.556724 5.157135
59.888603 4.905463
58.989163 4.582706
57.691452 4.145802
56.946216 3.908586
56.136718 3.661102
55.352950 3.430817
54.684803 3.241241
53.926715 3.033158
53.168652 2.832072
52.320622 2.614871
51.678180 2.455453
50.855855 2.257473
50.251944 2.116202
49.506708 1.946443
48.620147 1.750735
47.926295 1.602062
47.129675 1.435989
46.371586 1.282327
45.562114 1.122743
44.932524 1.001696
44.161583 0.856984
43.403495 0.718307
42.735373 0.598952
41.835934 0.442341
41.180639 0.331071
40.499665 0.217878
39.690192 0.086446
38.829310 -0.049749
38.058369 -0.168694
37.403075 -0.267627
36.645012 -0.379668
35.861219 -0.492880
34.486393 -0.685252
33.741157 -0.786350
32.995921 -0.885298
32.224980 -0.985459
30.747360 -1.171412
29.950740 -1.268500
29.295446 -1.346759
28.498825 -1.439998
26.995501 -1.610459
26.301649 -1.686793
25.543561 -1.768556
24.772645 -1.849991
24.117351 -1.917885
23.295026 -2.001399
22.626879 -2.067903
21.830259 -2.145647
20.982229 -2.226598
20.365466 -2.284327
19.645935 -2.350479
18.836462 -2.423392
18.014137 -2.495864
17.076166 -2.576604
15.778429 -2.685023
15.007488 -2.747670
14.249400 -2.808023
13.452780 -2.870135
12.681839 -2.928992
11.910924 -2.986639
11.255629 -3.034706
10.407599 -3.095659
9.636658 -3.149869
8.891422 -3.201202
8.146186 -3.251502
7.336714 -3.304988
6.398743 -3.365494
5.229479 -3.438756
4.368622 -3.491192
3.661918 -3.533305
2.711120 -3.588659
2.004416 -3.628847
1.413383 -3.661843
0.565353 -3.708221
-0.925119 -3.787031
-1.721764 -3.827770
-2.454148 -3.864390
-3.096590 -3.895863
-4.060266 -3.941954
-4.741240 -3.973725
-5.486476 -4.007746
-6.218860 -4.040431
-7.812126 -4.111735
-8.467420 -4.142175
-9.212656 -4.177613
-9.880803 -4.210133
-10.536098 -4.242720
-11.448364 -4.289239
-12.180748 -4.327565
-13.028778 -4.373046
-13.709777 -4.410433
-14.416456 -4.450051
-15.251633 -4.497964
-16.112515 -4.548601
-16.780662 -4.588784
-18.296839 -4.682869
-19.054928 -4.731443
-19.735902 -4.775957
-20.545400 -4.829969
-21.290636 -4.880758
-22.048724 -4.933482
-22.819639 -4.988203
-23.603433 -5.044995
-24.322964 -5.098169
-25.183846 -5.163109
-25.890525 -5.217505
-26.635761 -5.275942
-27.445259 -5.340683
-28.190495 -5.401461
-28.820085 -5.453696
-29.745203 -5.531947
-30.439055 -5.591817
-31.171439 -5.656124
-32.058000 -5.735517
-32.674763 -5.791760
-33.535645 -5.871670
-34.255177 -5.939732
-34.871914 -5.999003
-35.771353 -6.087006
-36.490885 -6.158759
-37.223268 -6.233045
-38.032766 -6.316641
-38.765150 -6.393638
-39.536091 -6.476107
-40.268474 -6.555818
-41.000858 -6.636878
-41.797478 -6.726602
-42.619828 -6.820946
-43.390744 -6.911003
-43.981802 -6.981121
-44.727038 -7.070873
-45.613625 -7.179630
-46.230362 -7.256573
-46.975598 -7.350978
-47.695155 -7.443638
-48.466070 -7.544579
-49.069981 -7.624876
-49.776659 -7.720221
-50.714631 -7.849113
-51.421335 -7.948019
-52.166571 -8.054017
-52.834718 -8.150555
-53.682748 -8.275169
-54.440836 -8.388575
-55.121810 -8.492088
-55.957013 -8.621208
-56.676544 -8.734388
-57.447485 -8.857689
-58.205573 -8.981022
-58.963662 -9.106465
-59.670340 -9.225335
-60.299930 -9.332839
-61.147960 -9.480070
-61.906048 -9.614090
-62.625605 -9.743442
-63.383693 -9.882023
-64.141756 -10.023010
-64.822756 -10.151762
-65.606549 -10.302457
-66.300401 -10.438144
-67.251199 -10.627648
-67.880814 -10.755458
-68.626050 -10.909183
-69.332729 -11.057457
-70.232168 -11.249782
-71.067346 -11.432076
-71.735493 -11.580552
-71.041641 -9.634300
-69.975197 -8.365770
-68.793081 -7.400554
-68.034992 -6.896055
-67.353993 -6.492342
-66.403169 -5.987066
-65.054048 -5.357055
-64.373049 -5.069075
-62.869724 -4.488863
-62.085931 -4.211621
-61.327843 -3.957384
-60.672548 -3.747503
-59.734577 -3.461399
-59.040751 -3.259597
-58.398308 -3.079540
-57.524574 -2.844311
-56.869279 -2.674644
-56.111191 -2.485043
-55.288866 -2.286916
-54.633571 -2.134277
-53.978277 -1.986004
-53.168779 -1.808522
-52.359306 -1.636949
-51.588365 -1.478704
-50.868834 -1.335300
-50.085041 -1.183551
-49.416894 -1.057686
-48.620274 -0.911618
-47.887865 -0.780983
-47.194038 -0.660317
-46.435950 -0.531761
-45.780655 -0.423288
-44.958330 -0.290502
-44.213094 -0.173241
-43.622036 -0.082241
-42.761154 0.047254
-42.093007 0.145356
-41.322066 0.256038
-40.564003 0.362341
-39.831594 0.462744
-38.855091 0.593224
-37.557354 0.760899
-36.773561 0.859141
-36.092562 0.942717
-35.283089 1.039973
-34.537853 1.127564
-33.766912 1.216273
-32.995972 1.303101
-32.366382 1.372652
-31.569762 1.458953
-30.798821 1.540709
-29.963643 1.627375
-29.359733 1.688842
-28.486024 1.776032
-27.727935 1.850060
-27.046936 1.915307
-26.288848 1.986577
-25.492227 2.059958
-24.605640 2.139852
-23.988903 2.194351
-23.166578 2.265675
-22.459874 2.325771
-21.676106 2.391151
-20.969402 2.448983
-20.301255 2.502703
-19.478930 2.567567
-18.618048 2.634026
-17.924221 2.686534
-17.127576 2.745686
-16.395192 2.799015
-15.637104 2.853176
-14.968957 2.900050
-13.979601 2.968006
-12.669012 3.055421
-11.820982 3.110442
-11.088599 3.157006
-10.304831 3.205878
-9.585274 3.249886
-8.840038 3.294612
-8.210448 3.331733
-7.413828 3.377842
-6.565798 3.425890
-5.884799 3.463713
-5.203800 3.500869
-4.214444 3.553678
-3.559150 3.587906
-2.865298 3.623506
-2.107235 3.661657
-1.336294 3.699673
-0.539648 3.738137
0.154178 3.770970
0.873709 3.804372
1.606093 3.837704
2.377034 3.872074
3.880358 3.939644
4.638446 3.975454
5.293741 4.007381
6.128918 4.049390
6.732803 4.080693
7.542301 4.123886
8.454568 4.174269
9.097010 4.210845
9.996424 4.263585
10.651719 4.303148
11.409807 4.350124
12.180748 4.399236
12.913131 4.447154
13.722604 4.501560
14.429283 4.550309
15.328722 4.614059
16.061106 4.667392
16.703548 4.715238
17.718608 4.792879
18.386755 4.845365
19.119139 4.904168
19.941464 4.971794
20.532522 5.021457
21.547582 5.108828
22.215704 5.167788
22.845319 5.224415
23.667644 5.299946
24.502821 5.378500
25.222352 5.447682
25.954736 5.519545
26.699972 5.594182
27.470913 5.673018
28.293238 5.758947
28.999917 5.834327
29.770857 5.918199
30.477536 5.996595
31.184240 6.076461
32.045097 6.175752
32.803186 6.265034
33.509864 6.349836
34.267953 6.442516
34.987484 6.532137
35.681336 6.620104
36.580750 6.736417
37.236044 6.822805
37.929896 6.915806
38.855015 7.042283
39.484605 7.129998
40.281225 7.242913
41.052166 7.354267
41.720313 7.452449
42.748200 7.606575
43.994553 7.798559
44.791173 7.924250
45.677760 8.066921
46.358734 8.178525
47.014028 8.287603
47.836353 8.426849
48.645851 8.566533
50.123471 8.828318
50.791593 8.949635
51.691032 9.115913
52.320622 9.234356
53.271420 9.416483
53.926715 9.544323
54.646271 9.686914
55.404334 9.839682
56.085334 9.979183
57.023305 10.174893
57.704279 10.319616
58.436662 10.477785
59.156219 10.635769
59.965692 10.816612
60.595281 10.959589
61.417606 11.149451
62.214227 11.336806
62.843842 11.487314
63.820345 11.725078
64.398550 11.868393
65.118082 12.049417
65.940407 12.260011
66.544292 12.417230
67.482263 12.665832
68.124705 12.839262
69.024119 13.086472
69.666561 13.266268
70.578853 13.526301
71.157033 13.694027
70.180530 11.027932
69.191175 9.816195
67.854881 8.640693
67.161054 8.139164
66.467203 7.686901
65.580641 7.164366
64.963904 6.830375
64.270052 6.478584
63.511963 6.119029
62.805285 5.803977
62.098606 5.505880
61.327665 5.197753
60.505340 4.886502
59.837193 4.645465
58.847838 4.306019
57.614337 3.908735
56.830570 3.669614
55.237304 3.211608
54.620566 3.043481
53.836773 2.836540
53.040153 2.633449
51.588238 2.280567
50.753061 2.086905
50.007825 1.919428
49.301121 1.765010
48.491648 1.593133
47.849206 1.460344
47.014028 1.292280
46.243113 1.141520
45.626350 1.023796
44.624142 0.837732
44.045937 0.733213
43.287874 0.599186
42.594022 0.479392
41.861638 0.355823
41.013609 0.216295
40.332635 0.106912
39.548841 -0.016161
38.957783 -0.107032
38.045517 -0.244130
37.313133 -0.351512
36.683544 -0.441974
35.771277 -0.570119
35.128835 -0.658339
34.139480 -0.791041
32.944537 -0.946401
32.083654 -1.055122
31.402655 -1.139287
30.451831 -1.254166
29.192652 -1.401736
28.383179 -1.493951
27.689327 -1.571394
26.867002 -1.661312
26.108914 -1.742459
25.376530 -1.819301
24.695556 -1.889412
23.796117 -1.980086
23.140822 -2.044796
22.524085 -2.104680
21.688908 -2.184234
20.995081 -2.249002
20.236993 -2.318430
19.299022 -2.402437
18.656579 -2.458793
17.988432 -2.516405
17.127550 -2.589162
16.420871 -2.647672
15.624251 -2.712341
14.891842 -2.770617
14.133779 -2.829767
13.362838 -2.888725
12.591898 -2.946501
11.885219 -2.998440
11.101426 -3.054926
10.381894 -3.105761
9.508160 -3.166202
8.852865 -3.210621
8.056245 -3.263587
7.375246 -3.307980
6.398743 -3.370239
5.782005 -3.408726
5.139538 -3.448143
4.342917 -3.496074
3.597681 -3.539981
2.659710 -3.593987
1.965884 -3.633048
1.323442 -3.668554
0.501091 -3.713086
-0.128499 -3.746495
-1.079322 -3.795841
-1.824558 -3.833598
-2.505532 -3.867404
-3.225089 -3.902414
-4.060266 -3.942145
-4.728388 -3.973239
-5.537886 -4.010103
-6.244565 -4.041569
-6.912712 -4.071051
-7.979156 -4.119447
-9.289745 -4.181332
-9.983597 -4.215184
-10.870159 -4.259548
-11.615395 -4.297814
-12.322099 -4.334929
-13.182981 -4.381243
-14.532102 -4.456287
-15.315895 -4.501283
-16.035426 -4.543507
-16.883456 -4.594410
-17.564456 -4.636187
-18.463870 -4.692606
-19.209106 -4.740437
-19.851548 -4.782466
-20.583931 -4.831287
-21.277783 -4.878440
-22.241459 -4.945400
-22.883901 -4.991000
-23.706226 -5.050502
-24.438610 -5.104580
-25.209551 -5.162620
-25.967639 -5.220820
-26.777112 -5.284215
-27.496643 -5.341661
-28.306141 -5.407538
-29.102761 -5.473672
-29.758056 -5.529055
-30.567528 -5.598706
-31.325617 -5.665192
-32.045173 -5.729435
-32.726147 -5.791265
-33.561325 -5.868484
-34.280881 -5.936252
-34.987560 -6.003939
-35.912679 -6.094267
-36.632236 -6.165887
-37.364619 -6.240027
-38.174092 -6.323449
-38.906475 -6.400281
-39.536091 -6.467374
-40.396947 -6.560689
-41.142183 -6.642965
-41.925977 -6.731017
-42.581271 -6.805843
-43.313655 -6.890796
-44.084596 -6.981749
-44.829832 -7.071183
-45.613625 -7.166872
-46.268919 -7.248173
-47.206891 -7.366638
-48.504627 -7.534683
-49.365510 -7.648869
-50.033657 -7.739010
-50.778893 -7.841143
-51.549808 -7.948588
-52.269365 -8.050549
-52.988896 -8.154147
-53.914015 -8.289800
-54.556457 -8.385655
-55.327398 -8.502504
-56.059781 -8.615378
-56.702249 -8.715920
-57.588810 -8.857045
-58.282662 -8.969456
-59.002193 -9.087882
-59.798839 -9.221244
-60.454134 -9.332742
-61.173665 -9.457076
-61.970310 -9.597107
-62.728373 -9.732715
-63.409373 -9.856539
-64.462990 -10.051934
-65.760727 -10.299155
-66.416022 -10.426818
-67.302609 -10.602645
-68.150638 -10.774244
-69.448375 -11.043513
-70.283553 -11.221204
-71.748345 -11.541492
-70.848906 -9.302380
-69.564021 -7.959803
-68.767376 -7.348607
-68.124934 -6.921355
-67.405402 -6.492582
-66.570225 -6.045041
-65.850668 -5.693437
-65.105432 -5.356176
-64.450138 -5.078705
-62.959666 -4.502075
-62.163020 -4.219756
-61.327843 -3.940051
-60.595459 -3.706956
-59.837371 -3.476453
-59.066430 -3.252241
-58.398308 -3.065545
-57.614515 -2.854808
-56.907811 -2.671892
-56.059781 -2.460596
-55.340250 -2.287836
-54.684955 -2.135359
-53.914015 -1.961544
-53.297277 -1.826588
-52.397838 -1.635901
-51.626922 -1.477917
-50.907366 -1.334738
-50.264924 -1.210221
-49.352657 -1.038509
-48.645953 -0.909404
-47.952127 -0.785812
-47.206891 -0.656400
-46.346008 -0.511013
-45.048272 -0.299713
-44.225947 -0.170449
-43.557800 -0.067934
-42.825391 0.041951
-42.080155 0.151184
-41.322066 0.259730
-40.525446 0.371103
-39.805915 0.469411
-39.086358 0.565626
-38.315443 0.666457
-37.518797 0.768288
-36.722177 0.867792
-36.131119 0.940162
-35.231705 1.047980
-34.602090 1.121845
-33.715528 1.223676
-32.983145 1.305930
-32.404939 1.369708
-31.479820 1.469679
-30.798821 1.541681
-30.027880 1.621615
-29.231260 1.702494
-28.653054 1.760131
-27.727935 1.850533
-26.892758 1.930272
-26.224611 1.992818
-25.453670 2.063642
-24.849785 2.118135
-23.963198 2.196607
-23.140873 2.267800
-22.459874 2.325627
-21.714638 2.387759
-20.828076 2.460143
-20.237018 2.507497
-19.427546 2.571199
-18.630900 2.632621
-17.911369 2.687036
-17.114723 2.746131
-16.408044 2.797560
-15.624251 2.853530
-14.724837 2.916397
-13.375716 3.008041
-12.579071 3.060697
-11.808130 3.110646
-11.127156 3.153955
-10.317658 3.204468
-9.610979 3.247717
-8.788654 3.297066
-8.120507 3.336401
-7.362419 3.380218
-6.591478 3.423906
-5.820562 3.466728
-5.101006 3.505929
-4.407179 3.543038
-3.584854 3.586153
-2.826766 3.625082
-2.145767 3.659393
-1.310589 3.700634
-0.642442 3.732971
0.102794 3.768362
0.925119 3.806596
1.541856 3.834717
2.428443 3.874321
3.045181 3.901521
4.047388 3.947217
4.728388 3.979454
5.357978 4.010119
6.090361 4.046841
6.874154 4.087401
7.683627 4.130670
8.467420 4.173915
9.199804 4.215534
10.883011 4.315672
12.193575 4.398035
13.041605 4.453411
13.722604 4.499078
14.532077 4.554761
15.315870 4.610142
16.112490 4.667920
16.870578 4.724313
17.744313 4.791031
18.412435 4.843305
19.196228 4.906032
20.018553 4.973486
21.611819 5.109039
22.267113 5.166677
23.025202 5.234745
23.796117 5.305510
24.502821 5.371763
25.260910 5.444319
26.006120 5.517157
26.738529 5.590222
27.509445 5.668729
28.151887 5.735419
29.115563 5.837640
29.835094 5.915693
30.541773 5.993808
31.364123 6.086547
32.045097 6.164855
32.880275 6.262790
33.509864 6.338011
34.280805 6.431773
35.077425 6.530590
35.822661 6.624835
36.542218 6.717504
37.274602 6.813532
38.019838 6.913035
38.777901 7.016126
39.548841 7.122933
40.332635 7.233578
41.116402 7.346322
41.797402 7.446013
42.735373 7.585992
43.403495 7.687614
44.084494 7.792854
44.855435 7.914044
45.600671 8.033290
46.358734 8.156734
47.091117 8.278080
47.926295 8.418994
48.684383 8.549278
49.365383 8.668270
50.226239 8.821379
50.894386 8.942314
51.716711 9.093719
52.500505 9.240702
53.232888 9.380440
53.965272 9.522531
54.761892 9.679798
55.532833 9.834733
56.252364 9.981808
57.036157 10.144779
57.845630 10.316164
58.526604 10.462805
59.246160 10.620242
59.991396 10.786038
60.775164 10.963467
61.558957 11.144101
62.342725 11.327990
63.075109 11.502827
63.858902 11.693214
65.246555 12.038804
65.991791 12.229014
66.904057 12.466363
67.533672 12.633129
68.227499 12.819755
69.191175 13.084039
69.782207 13.249107
70.553148 13.467907
71.349768 13.698227
71.966506 13.879560
72.814536 14.133303
73.521240 14.348745
74.253623 14.575932
75.050244 14.827683
75.731243 15.046820
76.502158 15.299369
77.337336 15.578476
78.121129 15.845769
78.737866 16.059836
79.470250 16.318440
80.305427 16.619323
81.860136 17.197096
82.515431 17.447787
83.222109 17.723088
84.070139 18.060447
84.674024 18.305475
85.560611 18.672683
86.395763 19.027002
87.012526 19.294097
87.732057 19.611726
88.657176 20.030002
89.299618 20.327267
90.173327 20.740856
90.892859 21.089842
91.740888 21.511300
92.511829 21.904394
93.218508 22.273419
94.002301 22.692884
94.811774 23.137855
95.621246 23.595396
96.366482 24.028325
97.163103 24.504180
97.844102 24.922250
98.704959 25.466486
100.233988 26.480058
100.992051 27.006794
101.814376 27.598018
102.405434 28.036579
103.459026 28.848877
104.808172 26.929802
105.656177 25.651848
106.427118 24.490030
107.223738 23.289513
107.930442 22.224501
108.611416 21.198264
109.343800 20.094553
110.217534 18.777823
110.821419 17.867761
111.630892 16.647875
112.401833 15.486057
113.018570 14.556626
113.905132 13.220566
112.710189 10.804088
112.080599 10.184586
111.271126 9.541202
110.654389 9.122462
109.896300 8.665530
109.189622 8.282653
108.405828 7.895512
107.789091 7.613413
107.133796 7.331866
106.311471 7.001139
105.681882 6.762604
104.705379 6.414263
104.101468 6.210434
103.369085 5.973770
102.623874 5.743664
101.737287 5.482539
101.017756 5.279754
100.336756 5.094711
99.681487 4.922509
98.756368 4.688410
98.023985 4.510008
97.330133 4.346228
96.572070 4.172740
95.929628 4.029903
95.132982 3.857802
94.272125 3.677707
93.616831 3.544471
92.781653 3.379218
92.087802 3.245615
91.406828 3.117586
90.468856 2.946004
89.864971 2.838323
89.055473 2.697238
88.284558 2.566201
87.603559 2.453028
86.845496 2.329780
86.061702 2.205251
85.277935 2.083559
84.506994 1.966512
83.530491 1.821875
82.284138 1.642864
81.526050 1.536910
80.767987 1.433083
79.881400 1.314250
79.277515 1.234861
78.519426 1.136924
77.787043 1.044079
77.183158 0.968796
76.270891 0.857185
75.487098 0.763265
74.806124 0.683101
74.048036 0.595388
73.328505 0.513585
72.583269 0.430309
71.709534 0.334500
71.067092 0.265278
70.270472 0.180848
69.332500 0.083377
67.957675 -0.055825
67.173907 -0.133296
66.505760 -0.198288
65.619173 -0.283071
64.886789 -0.351884
64.167258 -0.418436
63.460579 -0.482803
62.522608 -0.566747
61.212019 -0.681272
60.364014 -0.753704
58.873542 -0.877935
58.205395 -0.932385
57.473012 -0.991211
56.637834 -1.057216
55.956835 -1.110204
55.198772 -1.168324
54.325037 -1.234206
53.669743 -1.282852
52.834565 -1.343921
52.076477 -1.398466
51.254152 -1.456695
50.586030 -1.503299
49.725148 -1.562432
49.082706 -1.605898
48.337470 -1.655623
47.489440 -1.711311
46.769909 -1.757826
45.934732 -1.810985
45.266585 -1.852878
44.521349 -1.898951
43.660492 -1.951327
42.953788 -1.993657
42.285641 -2.033134
41.386227 -2.085451
40.743784 -2.122250
39.908607 -2.169391
39.124839 -2.212921
38.430987 -2.250893
37.660072 -2.292470
36.863426 -2.334767
36.092486 -2.375061
35.372954 -2.412112
34.666276 -2.447983
33.908187 -2.485902
33.111567 -2.525129
32.379183 -2.560642
31.633947 -2.596242
30.747360 -2.637899
30.066386 -2.669391
29.398239 -2.699867
28.563062 -2.737383
27.920620 -2.765807
26.918412 -2.809407
26.327354 -2.834701
25.620675 -2.864541
24.824030 -2.897658
24.053114 -2.929188
23.282173 -2.960214
22.588322 -2.987711
21.843086 -3.016801
20.995081 -3.049349
20.249845 -3.077471
19.530289 -3.104203
18.797905 -3.130990
18.001285 -3.159650
17.230344 -3.186918
16.305225 -3.219040
15.688488 -3.240094
14.917547 -3.266164
14.172311 -3.291823
13.465632 -3.316671
12.566193 -3.349028
11.833809 -3.375987
11.088573 -3.403987
10.458983 -3.428091
9.662363 -3.459185
8.788629 -3.494059
8.081950 -3.522859
7.195363 -3.559751
6.540068 -3.587565
5.782005 -3.620327
5.062449 -3.652010
4.342917 -3.684267
3.482035 -3.723622
2.685415 -3.760786
1.978711 -3.794361
1.246327 -3.829762
0.411150 -3.870892
-0.334086 -3.908282
-1.914500 -3.989754
-2.621178 -4.027154
-3.302178 -4.063769
-4.034561 -4.103781
-4.651299 -4.137989
-5.602122 -4.191657
-6.347358 -4.234517
-7.079742 -4.277327
-7.799273 -4.320056
-8.557362 -4.365801
-9.302598 -4.411503
-10.034981 -4.457133
-10.767390 -4.503479
-11.525453 -4.552211
-12.412040 -4.610197
-13.144424 -4.658915
-13.953896 -4.713628
-14.699132 -4.764814
-15.444368 -4.816789
-16.189604 -4.869562
-16.896309 -4.920351
-17.654397 -4.975646
-18.335371 -5.026043
-19.247663 -5.094646
-19.915784 -5.145688
-20.802371 -5.214476
-21.444814 -5.265082
-22.125813 -5.319431
-23.050932 -5.394440
-23.719079 -5.449466
-24.528551 -5.517102
-25.273787 -5.580320
-26.121817 -5.653382
-26.879906 -5.719718
-27.612289 -5.784735
-28.383230 -5.854173
-29.154171 -5.924649
-29.835145 -5.987773
-30.670322 -6.066325
-31.402706 -6.136248
-32.199351 -6.213424
-32.906030 -6.282872
-33.831174 -6.375212
-34.435059 -6.436369
-35.206000 -6.515469
-35.899827 -6.587653
-36.670767 -6.668981
-37.403151 -6.747350
-38.264033 -6.840868
-38.983564 -6.920208
-39.677416 -6.997747
-40.538298 -7.095378
-41.193593 -7.170767
-42.093007 -7.275776
-42.774006 -7.356483
-43.429301 -7.435132
-44.380125 -7.551005
-45.716419 -7.717430
-46.577275 -7.826906
-47.939274 -8.003824
-48.735894 -8.109457
-49.493983 -8.211488
-50.997307 -8.418269
-51.665454 -8.512113
-52.423543 -8.620069
-53.258720 -8.740854
-53.952572 -8.842703
-54.710660 -8.955569
-55.494428 -9.074033
-56.149723 -9.174489
-56.972073 -9.302405
-57.794398 -9.432418
-58.372604 -9.525115
-59.246338 -9.667239
-59.953017 -9.784026
-60.878136 -9.939450
-61.520578 -10.049111
-62.227282 -10.171411
-62.959666 -10.300038
-63.781991 -10.446793
-64.475843 -10.572581
-65.413814 -10.745547
-66.775787 -11.002860
-67.456787 -11.134338
-68.291964 -11.298226
-68.998668 -11.439233
-69.808141 -11.603434
-70.540550 -11.754539
-71.272933 -11.908110
-72.403640 -12.150202
-73.637140 -12.421475
-74.356671 -12.583300
-74.986261 -12.727134
-76.039878 -12.972650
-77.389025 -13.296175
-78.224202 -13.501820
-78.840940 -13.656416
-79.714674 -13.879545
-80.447058 -14.070409
-81.179467 -14.264896
-81.873293 -14.452582
-82.695644 -14.679527
-83.402322 -14.878580
-84.044765 -15.062886
-84.944204 -15.326477
-86.524617 -15.806195
-87.141380 -15.999453
-87.886616 -16.237744
-88.554763 -16.456004
-89.454177 -16.757020
-90.173734 -17.004079
-90.880413 -17.252378
-91.702738 -17.548722
-92.460826 -17.829346
-93.141825 -18.087834
-94.028412 -18.433949
-94.773648 -18.733772
-95.531737 -19.047623
-96.328382 -19.387679
-97.022209 -19.692954
-97.806002 -20.048717
-98.628327 -20.435319
-99.347884 -20.785694
-100.003178 -21.115355
-100.915445 -21.592522
-101.776327 -22.064167
-102.367385 -22.401195
-103.215415 -22.905511
-103.986355 -23.387525
-104.744444 -23.886133
-105.502532 -24.412409
-106.299152 -24.682875
-106.954472 -23.695300
-107.789650 -22.436677
-108.637680 -21.158685
-109.344358 -20.093710
-110.141004 -18.893155
-111.567239 -16.743800
-112.389564 -15.504546
-113.199062 -14.284622
-113.880062 -13.258347
-114.753796 -11.941617
-113.635917 -10.025897
-113.032032 -9.537998
-112.325328 -9.076820
-111.605797 -8.680892
-110.860535 -8.323381
-110.076767 -7.989201
-109.485709 -7.759195
-108.534886 -7.420664
-107.725388 -7.157432
-107.031561 -6.946958
-106.324857 -6.744942
-105.631031 -6.557272
-104.860090 -6.359703
-104.089149 -6.172399
-103.331061 -5.997171
-102.534415 -5.821646
-101.853416 -5.677972
-101.056796 -5.516714
-100.414328 -5.391603
-99.617708 -5.242134
-99.039502 -5.137313
-98.062974 -4.966777
-97.304885 -4.839631
-96.611059 -4.727006
-95.814413 -4.601833
-95.133414 -4.498144
-94.336794 -4.380506
-93.540148 -4.266592
-92.782060 -4.161465
-92.178149 -4.079891
-91.317293 -3.966782
-90.533499 -3.866890
-89.813943 -3.777653
-88.991618 -3.678434
-88.310618 -3.598402
-87.308411 -3.483980
-86.113468 -3.352511
-85.419616 -3.278526
-84.687232 -3.202224
-83.762088 -3.108372
-83.106793 -3.043542
-82.361557 -2.971415
-81.693410 -2.908151
-80.883938 -2.833225
-79.997351 -2.753248
-78.648230 -2.635556
-78.018615 -2.582222
-77.003554 -2.498286
-76.322555 -2.443348
-75.628729 -2.388475
-74.844935 -2.327788
-74.061142 -2.268441
-73.341611 -2.215110
-72.647759 -2.164696
-71.928228 -2.113442
-71.003109 -2.049038
-69.589726 -1.953780
-68.805933 -1.902534
-68.086402 -1.856451
-67.418255 -1.814464
-66.441726 -1.754459
-65.670786 -1.708202
-65.054048 -1.671888
-64.321665 -1.629547
-63.435078 -1.579401
-62.664137 -1.536764
-61.970310 -1.499143
-61.045166 -1.450065
-60.402724 -1.416697
-59.798839 -1.385856
-58.822311 -1.337035
-58.231253 -1.308106
-57.383223 -1.267398
-56.663692 -1.233584
-55.700016 -1.189319
-55.121810 -1.163311
-54.325190 -1.128142
-53.554249 -1.094828
-52.025220 -1.030800
-51.408482 -1.005727
-50.637542 -0.974979
-49.892306 -0.945874
-49.108512 -0.915909
-48.337597 -0.887069
-47.553804 -0.858380
-46.847125 -0.833053
-46.089037 -0.806442
-45.446569 -0.784336
-44.637096 -0.757057
-43.737682 -0.727486
-43.159477 -0.708879
-42.350004 -0.683354
-41.643300 -0.661561
-40.833827 -0.637154
-40.062887 -0.614452
-39.356182 -0.594099
-38.700888 -0.575614
-37.878563 -0.552936
-37.043385 -0.530487
-36.233913 -0.509280
-35.552913 -0.491854
-34.743441 -0.471627
-34.023884 -0.454084
-33.252969 -0.435740
-32.597674 -0.420510
-31.826733 -0.403012
-30.811673 -0.380657
-30.233468 -0.368265
-29.462527 -0.352126
-28.704438 -0.336675
-28.023464 -0.323148
-27.124025 -0.305784
-26.314552 -0.290640
-25.569316 -0.277097
-24.811228 -0.263708
-23.924666 -0.248540
-22.588372 -0.226661
-21.791727 -0.214171
-21.136432 -0.204203
-20.057135 -0.188378
-18.772251 -0.170487
-17.975605 -0.159905
-17.294631 -0.151164
-16.485133 -0.141135
-15.637104 -0.131045
-14.956130 -0.123248
-14.223721 -0.115163
-13.285775 -0.105258
-12.669012 -0.099017
-11.833835 -0.090906
-11.152835 -0.084579
-10.446156 -0.078284
-9.688068 -0.071833
-8.891448 -0.065388
-8.056270 -0.058995
-7.349566 -0.053874
-6.655740 -0.049099
-5.846242 -0.043844
-5.126711 -0.039455
-4.407179 -0.035330
-3.584854 -0.030934
-2.826766 -0.027180
-2.132914 -0.023992
-1.387678 -0.020831
-0.565353 -0.017655
0.051384 -0.015486
0.848030 -0.012953
1.683207 -0.010618
2.377034 -0.008926
3.135122 -0.007332
3.944595 -0.005921
4.728388 -0.004839
5.422214 -0.004112
6.180303 -0.003563
6.925539 -0.003271
7.670775 -0.003206
8.544509 -0.003182
9.225483 -0.003164
10.009276 -0.003143
10.664571 -0.003126
11.461191 -0.003105
12.309221 -0.003082
13.015925 -0.003063
13.851103 -0.003041
14.519224 -0.003023
15.431516 -0.002999
16.202431 -0.002979
16.921988 -0.002959
16.048253 -0.002942
