0.13615255151317662
0.13615255151317662
0.13615255151317662
0.13615255151317662
0.13615255151317662
0.13615255151317662
0.13615255151317662
0.13615255151317662
0.13615255151317662
0.13615255151317662
0.13615255151317662
0.13615255151317662
0.13615255151317662
0.13615255151317662
0.13615255151317662
0.13615255151317662
0.13615255151317662
0.13615255151317662
0.13604199488547325
0.13604199488547325
0.13604199488547325
0.13407007267312837
0.13407007267312837
0.13407007267312837
0.13407007267312837
0.12140595256930604
0.12140595256930604
0.12140595256930604
0.12140595256930604
0.11656563680250721
0.10316578562798673
0.10316578562798673
0.10316578562798673
0.10316578562798673
0.10316578562798673
0.10316578562798673
0.10316578562798673
0.10316578562798673
0.10316578562798673
0.10316578562798673
0.10316578562798673
0.10316578562798673
0.10316578562798673
0.10316578562798673
0.10316578562798673
0.10316578562798673
0.10316578562798673
0.10316578562798673
0.10316578562798673
0.10316578562798673
0.10316578562798673
0.10006509251396838
0.09567918198479616
0.09567918198479616
0.09567918198479616
0.09567918198479616
0.09567918198479616
0.09567918198479616
0.09567918198479616
0.09567918198479616
0.09567918198479616
0.09567918198479616
0.09567918198479616
0.09567918198479616
0.09567918198479616
0.09567918198479616
0.09567918198479616
0.09567918198479616
0.09506398901612931
0.09506398901612931
0.09506398901612931
0.09316190924166366
0.09316190924166366
0.0875115763136208
0.0875115763136208
0.0875115763136208
0.0875115763136208
0.0875115763136208
0.0875115763136208
0.0875115763136208
0.0875115763136208
0.0875115763136208
0.0875115763136208
0.0875115763136208
0.0875115763136208
0.08656220853696386
0.08335987070286391
0.08335987070286391
0.08335987070286391
0.08335987070286391
0.08335987070286391
0.08335987070286391
0.08335987070286391
0.08335987070286391
0.08182606212960472
0.08182606212960472
0.08182606212960472
0.08182606212960472
0.08182606212960472
0.08182606212960472
0.07506686182853295
