# best objective after each generation, last line after the polish | 100 generations run of 100 (DE)
0.27991406796525775
0.27991406796525775
0.2762092616832073
0.27030699000228225
0.27030699000228225
0.25540373762530844
0.25540373762530844
0.2531381095794611
0.2531381095794611
0.2531381095794611
0.2531381095794611
0.2531381095794611
0.2531381095794611
0.24940884947350317
0.24546263908398414
0.24546263908398414
0.24198994097513798
0.24198994097513798
0.24198994097513798
0.24198994097513798
0.24198994097513798
0.24198994097513798
0.2419593383836348
0.23257371591820497
0.23257371591820497
0.22315675133733665
0.22315675133733665
0.22315675133733665
0.22315675133733665
0.22315675133733665
0.22315675133733665
0.22315675133733665
0.22315675133733665
0.22315675133733665
0.22315675133733665
0.22315675133733665
0.22315675133733665
0.22315675133733665
0.22315675133733665
0.21893799054187704
0.21893799054187704
0.21893799054187704
0.21893799054187704
0.21893799054187704
0.21893799054187704
0.21893799054187704
0.21893799054187704
0.21893799054187704
0.21893799054187704
0.2164705297773652
0.2164705297773652
0.2164705297773652
0.2164705297773652
0.2164705297773652
0.2164705297773652
0.2164705297773652
0.2164705297773652
0.2164705297773652
0.2164705297773652
0.2164705297773652
0.2164705297773652
0.2164705297773652
0.21545068782020343
0.21545068782020343
0.20993966332935332
0.20993966332935332
0.20993966332935332
0.20993966332935332
0.20993966332935332
0.2098944594490381
0.2098944594490381
0.2098944594490381
0.2098944594490381
0.2098944594490381
0.2098944594490381
0.2098944594490381
0.2098944594490381
0.2098944594490381
0.2098944594490381
0.2098944594490381
0.20773651090896184
0.20773651090896184
0.20773651090896184
0.20773651090896184
0.20773651090896184
0.20773651090896184
0.20773651090896184
0.20773651090896184
0.20773651090896184
0.20773651090896184
0.2055470208353858
0.2055470208353858
0.2055470208353858
0.2055470208353858
0.2055470208353858
0.2055470208353858
0.2055470208353858
0.2055470208353858
0.2055470208353858
0.2055470208353858
0.18584223509296166
