0.35100220678971517
0.35100220678971517
0.35100220678971517
0.35100220678971517
0.35100220678971517
0.34269643221320845
0.34269643221320845
0.34269643221320845
0.34269643221320845
0.33750510748084417
0.33750510748084417
0.33445452769733075
0.33445452769733075
0.33445452769733075
0.3296991278552957
0.3296991278552957
0.3296991278552957
0.3296991278552957
0.316895156752469
0.31639169368910297
0.31639169368910297
0.31639169368910297
0.31639169368910297
0.31639169368910297
0.31639169368910297
0.31639169368910297
0.31114473531681364
0.31114473531681364
0.30346361585097836
0.30346361585097836
0.30346361585097836
0.30346361585097836
0.30346361585097836
0.30346361585097836
0.30346361585097836
0.30202548425925435
0.30202548425925435
0.29612840967854726
0.2942138449685622
0.2942138449685622
0.2937325644438734
0.2937325644438734
0.2937325644438734
0.2909244338423896
0.28594955373699205
0.28594955373699205
0.28594955373699205
0.28594955373699205
0.28594955373699205
0.28594955373699205
0.28594955373699205
0.2807619271909558
0.2807619271909558
0.27976119144091893
0.2706452464300189
0.2706452464300189
0.2706452464300189
0.2706452464300189
0.2706452464300189
0.2706452464300189
0.2706452464300189
0.2706452464300189
0.2706452464300189
0.27007913400222866
0.26467598529784286
0.26467598529784286
0.26467598529784286
0.26467598529784286
0.26363868719742933
0.26357227906394637
0.26108769006210963
0.26108769006210963
0.26108769006210963
0.2570217938014
0.2570217938014
0.2570217938014
0.2570217938014
0.2570217938014
0.2570217938014
0.2570217938014
0.25617415354892126
0.25617415354892126
0.25617415354892126
0.25617415354892126
0.2548634934187296
0.2548634934187296
0.25375613754137794
0.25375613754137794
0.25375613754137794
0.25375613754137794
0.25375613754137794
0.25375613754137794
0.25375613754137794
0.2532047318252887
0.2532047318252887
0.2532047318252887
0.2532047318252887
0.2532047318252887
0.25247112739895294
0.25247112739895294
0.23678666079493965
