# best objective after each generation, last line after the polish | 100 generations run of 100 (DE)
0.35100220678971517
0.35100220678971517
0.35100220678971517
0.35100220678971517
0.35100220678971517
0.35100220678971517
0.35100220678971517
0.35100220678971517
0.3411755221899213
0.3411755221899213
0.3411755221899213
0.3411755221899213
0.3411755221899213
0.3411755221899213
0.3411755221899213
0.3411755221899213
0.3308670691396543
0.3308670691396543
0.3213963419413636
0.3213963419413636
0.3213963419413636
0.3213963419413636
0.3213963419413636
0.3213963419413636
0.31621572322022784
0.3034538158557595
0.3034538158557595
0.3034538158557595
0.3034538158557595
0.30193602110744494
0.30193602110744494
0.29722509370502187
0.29722509370502187
0.29591672731309704
0.29591672731309704
0.29591672731309704
0.29591672731309704
0.29591672731309704
0.29591672731309704
0.29591672731309704
0.29591672731309704
0.29591672731309704
0.29591672731309704
0.29591672731309704
0.29591672731309704
0.29591672731309704
0.29591672731309704
0.29591672731309704
0.29591672731309704
0.29591672731309704
0.28576696021471887
0.2825855177536274
0.2825855177536274
0.2825855177536274
0.28243412315075633
0.28243412315075633
0.28243412315075633
0.28243412315075633
0.28243412315075633
0.2747893810769155
0.2747893810769155
0.2747893810769155
0.2741496753350849
0.2690817414581294
0.2690817414581294
0.2690817414581294
0.2690817414581294
0.2690817414581294
0.2690817414581294
0.2690817414581294
0.2690817414581294
0.2690817414581294
0.2683213201839548
0.2659619366148409
0.2659619366148409
0.263823993304351
0.263823993304351
0.263823993304351
0.263823993304351
0.263823993304351
0.2600531789850602
0.2600531789850602
0.2568819046205061
0.2568819046205061
0.2568819046205061
0.2566904256876046
0.2566904256876046
0.2566904256876046
0.2566904256876046
0.25519191152770804
0.2541179814032115
0.25085834746474767
0.2503238933310532
0.2503238933310532
0.2503238933310532
0.24848593455202644
0.24848593455202644
0.2475045646157456
0.2475045646157456
0.2475045646157456
0.23653861038763796
