0.000000 0.000000
0.000000 -0.000000
0.642442 1.938709
1.323442 3.938640
0.308356 -0.121402
-0.680999 -2.053444
-1.426235 -4.235688
-2.068678 -6.064019
-1.117854 -0.338120
-0.115646 0.609065
1.156386 3.436051
0.308356 -0.125890
-0.796646 -2.369729
-0.115646 0.277807
0.629590 1.918338
-0.244145 -0.832644
-1.246353 -3.571974
-0.565353 0.065016
0.745236 2.270922
-0.321234 -1.058371
-1.323442 -3.804044
-0.616763 0.034172
0.552501 1.780577
-0.205588 -0.706305
-1.349146 -3.868318
-0.642442 0.011347
0.552501 1.783777
1.182091 3.504431
0.424002 -0.091646
-0.192735 -0.905471
-0.835177 -2.476034
-0.089941 0.321690
0.513944 1.616462
1.092149 3.233327
1.927327 5.665879
3.122270 8.959886
2.377034 3.123933
1.631798 0.366832
1.040765 -0.264529
-0.128499 -1.347860
-0.706704 -2.462263
-1.426235 -4.211024
-2.107235 -6.148588
-3.482061 -9.920423
-2.505532 -2.746667
-1.875942 -0.579191
-0.822325 0.383407
0.321208 1.823521
0.950824 3.097761
2.132914 6.041877
1.400531 1.130149
0.680974 -0.270130
-0.449707 -1.688016
-1.773149 -4.901838
-0.925119 -0.142916
0.218415 1.180329
0.860857 2.579949
1.554709 4.359457
0.693826 -0.050109
-0.359766 -1.322902
-1.092175 -3.032022
-1.708912 -4.665167
-2.312797 -6.363121
-1.439088 -0.825379
-0.732384 0.317849
0.244119 1.394812
0.899414 2.783198
2.184298 6.136707
1.323442 0.755914
0.693826 -0.272679
0.038532 -0.818526
-1.156411 -3.315041
-1.773149 -4.907748
-1.015060 -0.365878
-0.244145 0.476211
0.925119 2.735478
1.516151 4.255602
2.222856 6.224239
1.349121 0.769271
0.732384 -0.262031
0.102794 -0.736618
-1.130706 -3.259443
-1.721764 -4.774581
-2.299970 -6.361941
-1.426235 -0.817393
-0.424028 0.441917
0.256972 1.413789
0.925119 2.840152
1.516151 4.314100
0.732384 0.059327
-0.501117 -1.608651
-1.117854 -3.087692
-1.747444 -4.765806
-2.338502 -6.434636
-1.451940 -0.825305
-0.424028 0.451574
0.154178 1.239598
1.079297 3.216350
2.145767 6.029283
1.336269 0.858721
0.758088 -0.231761
0.102794 -0.711237
-1.079322 -3.118859
-1.811706 -5.007730
-0.835177 0.059369
0.462559 1.683738
1.798828 5.030099
2.492680 7.007801
3.173679 9.039567
3.880358 10.967328
3.006623 4.121418
2.338502 1.293213
1.143533 -0.342343
0.102794 -1.246567
-0.848030 -2.941994
-2.068678 -5.835512
-2.698267 -7.545523
-3.417824 -9.635768
-4.188739 -11.766206
-3.083738 -3.575112
-2.479853 -1.266150
-1.272057 0.364265
-0.668147 0.669916
0.706679 2.704022
1.940179 5.471150
2.672563 7.384120
1.773149 1.426819
1.027913 -0.213447
-0.051410 -1.091531
-0.732384 -2.357541
-1.400531 -3.878632
-2.145767 -5.778498
-3.392119 -9.264343
-2.479853 -2.663596
-1.850238 -0.540388
-1.105002 0.362700
-0.102794 1.128383
0.603885 2.335099
1.182091 3.561943
1.953031 5.430229
2.595474 7.138504
3.302152 9.139077
2.389886 2.583762
1.683207 0.350616
1.092149 -0.317089
-0.231292 -1.574231
-1.387678 -3.959607
-2.171471 -5.908931
-3.263621 -8.907720
-2.467000 -2.952737
-1.888795 -0.780009
-1.130706 0.337025
-0.115646 1.074690
0.706679 2.510389
1.516151 4.325104
2.621178 7.203086
3.276473 9.062518
2.389886 2.646684
1.708887 0.423580
1.117854 -0.302049
-0.167030 -1.459191
-1.413383 -4.015856
-2.081530 -5.672663
-2.723972 -7.390168
-3.327857 -9.091528
-2.415591 -2.535444
-1.837385 -0.579924
-0.616763 0.539472
0.513944 2.145213
1.374826 3.996904
2.569769 7.064646
3.225063 8.914394
2.364181 2.657765
1.747444 0.555946
1.066444 -0.317637
0.462559 -0.601745
-0.783793 -2.604011
-2.145767 -5.834428
-2.775356 -7.529292
-1.773149 -1.139611
-0.629590 0.435930
0.038532 1.160941
0.783768 2.556858
1.940179 5.334322
2.608326 7.143698
3.186506 8.792690
2.402738 2.942706
1.708887 0.505811
0.321208 -0.740869
-0.796646 -2.621983
-1.426235 -4.031433
-2.017293 -5.497429
-2.813914 -7.634354
-1.811706 -1.202917
-1.182116 0.169091
-0.025705 1.075119
0.680974 2.350250
1.978711 5.439296
2.595474 7.109808
1.773149 1.554232
1.079297 -0.133745
-0.025705 -1.030033
-0.745236 -2.366328
-1.413383 -3.897189
-2.107235 -5.668785
-2.762529 -7.460476
-3.366414 -9.187975
-2.325649 -2.052544
-1.259205 0.284261
-0.578206 0.578574
0.693826 2.508184
1.310589 3.852847
1.940179 5.394796
2.595474 7.137261
3.353562 9.288514
4.021684 11.280156
4.779772 13.269300
5.370830 14.736393
6.051829 16.383145
6.848450 18.251914
8.069097 20.999334
8.685835 22.335965
9.418218 23.879871
9.996424 25.066376
9.302598 18.573440
7.863510 9.023742
7.272477 6.283894
6.642862 3.965199
6.064682 2.309015
5.229479 0.604294
4.060241 -0.638473
3.379241 -0.846169
2.030120 -1.231801
1.451915 -1.581330
0.770915 -2.142801
0.025679 -2.950186
-0.745236 -4.005821
-1.323442 -4.949499
-2.068678 -6.363276
-2.749677 -7.854026
-3.392119 -9.437630
-4.381475 -12.217731
-5.653507 -15.425542
-6.964096 -18.518157
-7.683652 -20.146616
-8.261833 -21.420685
-9.019921 -23.046001
-9.700920 -24.463509
-8.852891 -16.906845
-8.159064 -12.262274
-7.478065 -8.693603
-6.809918 -5.941705
-6.141771 -3.791386
-5.550738 -2.307474
-4.818329 -0.927969
-4.201592 -0.104669
-3.494913 0.511627
-2.171471 0.913666
-1.503324 1.147489
-0.899439 1.521971
-0.077089 2.255273
0.591033 3.021879
1.361973 4.077314
2.595474 6.103613
3.366414 7.557236
4.034536 8.921233
4.766920 10.518484
5.435067 12.061685
6.167450 13.840414
6.745656 15.304670
7.375246 16.955295
6.578625 10.359298
5.987567 7.025275
5.268036 4.095615
4.689831 2.390604
3.944595 0.829295
3.263621 -0.107721
1.940179 -0.925666
1.336269 -1.025115
0.758088 -1.299904
-0.038557 -1.970233
-0.848030 -2.938737
-2.171471 -5.021940
-2.813914 -6.217805
-3.533445 -7.678004
-4.265828 -9.280476
-4.985385 -10.956330
-5.640680 -12.561020
-6.360211 -14.400855
-7.529449 -17.545283
-6.642887 -10.317201
-5.306593 -4.099495
-4.047414 -0.993185
-3.327857 0.023501
-2.158619 0.836719
-1.529029 0.947238
-0.809498 1.230229
-0.012852 1.868286
0.809473 2.820274
1.978711 4.589650
2.723947 5.928557
3.379241 7.221379
4.201592 8.978334
4.844034 10.443806
5.525008 12.076862
6.180303 13.718674
6.861302 15.491469
6.154623 9.633277
5.216652 4.837324
4.021684 1.370100
3.430651 0.347334
2.518385 -0.601791
1.374826 -0.986909
0.693826 -1.255824
0.115646 -1.704133
-0.783793 -2.725449
-1.400531 -3.614755
-2.055825 -4.700839
-2.891003 -6.265759
-3.494913 -7.506755
-4.291533 -9.265775
-5.023917 -10.991075
-5.640680 -12.515376
-6.308801 -14.232916
-7.131152 -16.432324
-5.974740 -7.800295
-5.332298 -4.899914
-4.677004 -2.769203
-4.085946 -1.378254
-2.775356 0.413304
-2.184324 0.780428
-1.529029 0.939245
-0.616763 1.285528
-0.038557 1.754143
0.693826 2.572043
1.297737 3.406679
2.081505 4.673009
2.775356 5.942909
3.482035 7.360675
4.124477 8.745669
4.895418 10.514678
5.537860 12.068630
6.899859 15.571855
5.923331 8.059694
5.229479 4.794935
4.612742 2.747660
4.008857 1.303470
3.392094 0.267688
2.544064 -0.594880
1.361973 -0.990609
0.539648 -1.365014
-0.680999 -2.601714
-1.464767 -3.725551
-2.171471 -4.915769
-2.865298 -6.223458
-3.469208 -7.459755
-4.278681 -9.242439
-4.985385 -10.902744
-5.627827 -12.486752
-6.308801 -14.235675
-6.989801 -16.049882
-7.568006 -17.636990
-6.655740 -10.237022
-6.038977 -6.899855
-5.422240 -4.419474
-4.677004 -2.253093
-3.404972 -0.045240
-2.698267 0.583918
-1.606118 0.936855
-0.758088 1.268515
-0.089941 1.802356
0.629590 2.599222
1.233475 3.420317
1.978711 4.599012
2.569769 5.648164
3.327857 7.123890
4.060241 8.672734
4.754093 10.239231
5.435067 11.860836
6.077509 13.459980
6.745656 15.188177
7.452360 17.082131
8.043393 18.714024
8.737244 20.681172
9.392539 22.586198
10.073513 24.610849
10.805897 26.680821
11.409807 27.850807
12.270689 29.469266
12.874574 30.570907
13.568426 31.803405
14.275105 33.023114
14.853310 33.995094
15.624251 35.255697
14.660575 26.427351
13.529869 18.561517
12.797485 14.533094
12.206427 11.770427
11.563985 9.189722
10.330510 5.266420
9.533865 3.336213
8.313217 1.133716
7.567981 0.174695
6.964096 -0.414737
6.244565 -0.918562
5.627802 -1.193336
4.895418 -1.347717
4.252976 -1.425343
3.546297 -1.607716
2.903855 -1.863395
2.171446 -2.259567
1.580413 -2.660676
0.835177 -3.270061
0.089941 -3.994846
-0.732384 -4.928081
-1.374826 -5.754153
-2.274265 -7.052646
-3.507765 -9.100010
-4.304386 -10.583988
-4.985385 -11.951804
-5.704916 -13.495082
-6.398743 -15.077357
-6.976948 -16.465568
-7.632243 -18.114245
-8.390331 -20.119870
-9.109862 -22.119271
-9.700920 -23.830161
-10.420452 -25.918766
-11.140008 -27.331696
-12.424893 -29.753175
-13.157276 -31.077317
-13.838276 -32.273339
-14.506397 -33.414694
-15.161692 -34.504135
-15.752750 -35.461959
-14.943277 -28.019199
-14.300835 -23.263953
-13.208660 -16.830954
-12.476277 -13.396516
-11.795303 -10.697325
-11.088599 -8.316006
-10.471861 -6.536903
-9.829419 -4.941296
-8.300390 -2.029466
-7.722184 -1.204624
-7.066890 -0.427206
-6.385916 0.219777
-5.730621 0.701627
-5.049622 1.068965
-4.394327 1.304707
-3.713328 1.437186
-2.891003 1.536770
-1.580413 1.966793
-0.783793 2.394860
-0.077089 2.876803
0.706679 3.520722
2.004416 4.831668
2.711120 5.669635
3.392094 6.557136
4.342917 7.923919
5.512156 9.801317
6.270244 11.130183
6.951243 12.396258
8.313217 15.126212
9.019921 16.642905
9.649511 18.049661
10.998632 21.234079
11.602542 22.731986
10.793070 15.984804
10.047834 11.699269
8.775776 6.666824
8.146186 4.866510
7.503744 3.366303
6.822745 2.077268
6.141771 1.044374
5.512156 0.281436
4.908271 -0.301036
4.034536 -0.920994
2.788209 -1.422432
2.094357 -1.536553
1.400531 -1.637117
0.758088 -1.851514
0.025679 -2.232497
-0.680999 -2.730112
-1.490472 -3.447495
-2.094382 -4.079427
-2.852471 -4.983069
-3.623386 -6.021126
-4.317238 -7.052377
-5.036769 -8.213573
-5.640680 -9.256754
-6.463005 -10.772678
-7.169683 -12.158940
-7.863535 -13.591285
-8.505977 -14.977503
-9.199804 -16.536429
-9.893656 -18.156734
-10.574655 -19.803959
-11.255629 -21.505019
-10.317658 -14.047208
-9.533890 -9.960164
-8.403184 -5.855830
-7.657948 -3.901323
-6.861327 -2.278716
-6.270269 -1.322847
-5.679211 -0.542239
-4.985385 0.183192
-4.342943 0.696478
-2.891003 1.393225
-2.299970 1.521648
-1.606118 1.598862
-0.848030 1.807198
-0.205588 2.111971
0.655295 2.692578
1.310589 3.258530
1.914474 3.869299
2.723947 4.814566
3.315005 5.591370
4.137330 6.786519
4.779772 7.807885
5.589270 9.197957
6.874154 11.624487
7.529449 12.959066
8.236128 14.467111
8.865718 15.867984
9.559569 17.471481
10.266248 19.165930
10.960100 20.886992
10.047834 13.654269
8.878570 8.039494
8.146186 5.609602
7.439508 3.780837
6.771361 2.407262
6.180303 1.423860
5.460771 0.468948
4.779772 -0.228792
4.201592 -0.686808
3.366414 -1.161064
2.723947 -1.394477
2.120062 -1.522333
1.490472 -1.590062
0.732384 -1.794760
0.012852 -2.144330
-1.413383 -3.244559
-2.158619 -4.016281
-2.839618 -4.829807
-3.520592 -5.740534
-4.394327 -7.042639
-5.113858 -8.220716
-6.360211 -10.470621
-7.195388 -12.116128
-8.505977 -14.902645
-9.199804 -16.471932
-9.855098 -18.010105
-10.561803 -19.727032
-11.152835 -21.207140
-11.756746 -22.759293
-10.998657 -16.364664
-10.099243 -11.236922
-9.019921 -6.991711
-8.261833 -4.803470
-6.861327 -1.916649
-6.270269 -1.038455
-5.640680 -0.278822
-4.972533 0.355895
-4.330090 0.821215
-3.687648 1.161607
-2.993796 1.404971
-2.222856 1.541238
-1.593266 1.623413
-0.835177 1.867441
-0.167030 2.210376
0.591033 2.736155
1.259180 3.313478
1.978711 4.047992
2.685415 4.877249
3.379241 5.789880
4.175887 6.951635
4.766920 7.888253
5.357978 8.885552
6.180303 10.369213
6.758508 11.476327
7.516597 13.003877
8.133334 14.307427
9.007069 16.242950
10.227716 19.111065
10.870159 20.692945
10.099218 14.370193
9.508160 11.005691
8.775776 7.852044
8.133334 5.715974
7.478039 3.977822
6.848450 2.633400
6.116066 1.389241
5.512156 0.576036
4.779772 -0.195520
3.636239 -1.012686
2.659710 -1.404614
1.439062 -1.595031
0.822325 -1.752459
0.141326 -2.057599
-0.745236 -2.646981
-1.413383 -3.224796
-2.132914 -3.966645
-2.775356 -4.727510
-3.584854 -5.810237
-4.253001 -6.801831
-4.946828 -7.919640
-5.679211 -9.191439
-6.347358 -10.429429
-7.079742 -11.866938
-7.812126 -13.384075
-8.454568 -14.777012
-9.186977 -16.432180
-10.561803 -19.719834
-11.743893 -22.720898
-10.870159 -15.555269
-10.176332 -11.639640
-9.007069 -6.968019
-8.171891 -4.589809
-7.580859 -3.250049
-6.938416 -2.051935
-6.231712 -0.992767
-5.602122 -0.242107
-4.882591 0.425894
-3.726180 1.142730
-2.968092 1.410828
-2.287118 1.534691
-1.541882 1.634189
-0.848030 1.860601
-0.154203 2.216178
0.526796 2.683899
1.297737 3.347389
2.004416 4.073642
2.646858 4.826621
3.469183 5.912359
4.921123 8.140194
5.614949 9.335052
6.809892 11.575121
7.683627 13.349818
8.300364 14.667880
8.929980 16.066645
9.585274 17.577149
10.253396 19.172230
10.947248 20.885008
11.666779 22.719082
12.322073 24.438517
12.977368 26.202811
13.735456 28.297491
15.007488 31.934663
15.765577 34.171290
16.382314 36.026958
17.191812 37.699106
17.834254 38.655967
18.566638 39.716459
19.234785 40.656528
19.915759 41.588494
20.545349 42.427279
21.174964 43.244713
20.339787 35.454950
19.633082 30.043137
18.450992 22.719435
17.859934 19.683984
17.204639 16.709781
16.446576 13.706898
15.225928 9.690675
14.519224 7.753729
13.863930 6.175907
13.247192 4.863151
12.476251 3.433789
11.782425 2.329265
10.536072 0.728258
9.893630 0.075269
9.238336 -0.481850
8.428863 -1.029845
7.786421 -1.362630
7.079742 -1.631904
6.283096 -1.822338
5.640654 -1.894917
4.432859 -2.078057
3.546297 -2.331906
2.852445 -2.601853
2.107209 -2.962061
1.490472 -3.315554
0.642442 -3.884056
-0.077089 -4.441692
-0.796646 -5.068819
-1.516177 -5.765688
-2.287118 -6.590050
-2.916707 -7.323067
-3.649091 -8.243569
-4.407179 -9.273309
-5.113858 -10.303771
-5.756300 -11.299662
-6.591478 -12.678447
-7.208241 -13.757643
-7.863535 -14.960949
-8.570214 -16.323936
-9.264066 -17.727966
-9.906508 -19.085897
-10.587482 -20.585863
-11.255629 -22.117922
-11.859539 -23.553881
-12.694717 -25.619385
-13.350011 -27.304342
-14.031011 -29.114914
-14.634896 -30.770870
-15.392984 -32.916242
-16.125368 -35.058657
-17.461662 -38.104098
-18.091252 -39.031734
-19.440398 -40.940674
-20.134224 -41.882007
-20.802371 -42.763525
-20.044283 -35.720337
-19.466077 -31.284801
-18.836488 -27.133123
-18.245430 -23.744778
-17.564456 -20.334570
-16.562222 -16.086669
-15.637104 -12.818348
-14.930425 -10.667271
-14.210894 -8.739212
-13.517042 -7.099714
-12.823215 -5.651480
-12.116511 -4.352113
-11.396980 -3.193027
-10.690276 -2.200145
-9.970745 -1.323915
-9.212656 -0.534801
-8.544509 0.056047
-7.966329 0.494065
-7.195388 0.979890
-5.846242 1.584067
-5.113858 1.792787
-4.407179 1.921383
-3.803269 1.979274
-2.968092 2.088121
-2.248560 2.249894
-1.593266 2.452035
-0.745236 2.791218
-0.154203 3.079365
0.719531 3.583157
1.374826 4.021852
2.055825 4.532929
2.659710 5.033087
3.430651 5.735587
4.278681 6.590945
4.921123 7.296340
5.666359 8.176336
6.283096 8.954531
7.696479 10.907386
8.493100 12.111277
9.148394 13.156910
9.739452 14.142605
10.587482 15.626868
11.910924 18.106498
12.489104 19.251613
13.247192 20.809401
13.992428 22.402559
14.660575 23.882495
15.405811 25.590145
14.442135 17.979536
13.684047 13.966765
13.105867 11.547269
12.347778 8.951101
11.731015 7.202382
11.088573 5.651265
9.739452 3.083608
9.032773 2.032049
8.403158 1.232504
7.735037 0.507182
7.066890 -0.106378
6.295949 -0.691737
5.614949 -1.111628
4.805477 -1.505211
3.379241 -1.955705
2.801061 -2.060431
2.055825 -2.137061
1.349121 -2.235279
0.693826 -2.400527
-0.089941 -2.690359
-0.899439 -3.093239
-1.529029 -3.477991
-2.261413 -4.002753
-3.777590 -5.346421
-4.445711 -6.045837
-5.203800 -6.916823
-5.949036 -7.851618
-7.311034 -9.755927
-7.889215 -10.638908
-8.621624 -11.819579
-9.379687 -13.113268
-10.060686 -14.336249
-10.728833 -15.590885
-11.422685 -16.949974
-12.103659 -18.338327
-12.746101 -19.696568
-13.619836 -21.617550
-14.210894 -22.964170
-14.904720 -24.592342
-15.534310 -26.113179
-16.253866 -27.900805
-15.367279 -20.603253
-14.711985 -16.779107
-14.069543 -13.778676
-13.375716 -11.120150
-12.669012 -8.873922
-11.975186 -7.019522
-10.523245 -3.984506
-9.906508 -2.967200
-9.328302 -2.133176
-8.570214 -1.193344
-7.837830 -0.430745
-7.246772 0.092527
-6.604330 0.577446
-5.846242 1.048212
-4.548505 1.629818
-3.816121 1.847692
-3.058033 1.998616
-2.351354 2.076618
-1.721764 2.148235
-0.989381 2.309455
-0.205588 2.573713
0.539648 2.911688
1.194943 3.277737
1.914474 3.752845
2.762504 4.409636
3.404946 4.975861
4.098798 5.652821
4.831182 6.439941
5.576418 7.316100
6.218860 8.131300
6.835597 8.965217
7.657922 10.154017
8.274685 11.102338
9.161247 12.548956
10.330510 14.603936
11.050041 15.949643
11.679631 17.176705
12.501956 18.847709
13.208660 20.344362
13.876782 21.809765
14.532077 23.293768
15.251633 24.975581
15.855518 26.428472
15.046046 19.742211
14.172311 14.842858
13.067309 10.403859
12.334926 8.142145
11.679631 6.447992
10.895838 4.744635
9.778009 2.796297
9.084158 1.816959
8.364626 0.956068
7.606538 0.196946
6.925539 -0.371357
6.295949 -0.811563
4.908271 -1.530037
4.188739 -1.782935
3.520592 -1.953213
2.826741 -2.069728
1.991563 -2.149414
1.310589 -2.268564
-0.025705 -2.717347
-0.758088 -3.081861
-1.413383 -3.477781
-2.197176 -4.036492
-2.942412 -4.652317
-3.687648 -5.349140
-4.330090 -6.013746
-5.178120 -6.979967
-5.859094 -7.827780
-6.578651 -8.791908
-7.195388 -9.673129
-7.837830 -10.643982
-8.634451 -11.921414
-9.315450 -13.076786
-10.022154 -14.336257
-10.638892 -15.484790
-11.371275 -16.907323
-12.167921 -18.525471
-13.542747 -21.486673
-14.120952 -22.794129
-14.814779 -24.410269
-15.624251 -26.359559
-14.609191 -18.376395
-13.992454 -15.042129
-13.324307 -12.147249
-11.743893 -7.160132
-10.536098 -4.487572
-9.906508 -3.367663
-9.199804 -2.290081
-8.428888 -1.299693
-7.837830 -0.653917
-7.143979 -0.006326
-6.565798 0.451565
-5.653507 1.039855
-4.471416 1.588412
-3.636239 1.849225
-2.993796 1.986305
-2.120062 2.092191
-0.848030 2.303769
-0.115646 2.544054
0.526796 2.824766
1.310589 3.254296
2.081505 3.768493
2.723947 4.265257
3.559124 5.002101
4.188739 5.624418
4.933975 6.433850
5.627802 7.257131
6.321654 8.146363
7.002628 9.081985
7.837805 10.312808
9.071305 12.294269
9.713747 13.401558
10.343337 14.535514
11.191367 16.137703
11.859514 17.459228
12.579045 18.939424
13.247192 20.365782
14.699107 23.632579
15.354402 25.179886
16.022549 26.802885
17.513021 30.583561
18.772226 33.943832
19.466052 35.858042
20.159904 37.815612
20.905140 39.965268
22.164319 43.705092
22.948113 45.436550
24.310086 47.015171
24.978233 47.757962
25.684912 48.521766
26.288797 49.157165
27.059738 49.945819
27.766416 50.647175
28.344622 51.206113
29.077006 51.895351
29.912183 52.656505
30.503241 53.179662
31.312714 53.875907
31.916624 54.380522
32.597598 54.934766
33.407096 55.573835
34.075218 56.085580
34.704807 56.555178
35.398659 57.058892
36.079659 57.539571
36.863426 58.076475
37.531573 58.520788
38.186868 58.944927
37.043309 49.028267
36.053954 42.080166
35.385807 38.012181
34.139480 31.457850
33.497037 28.509163
32.289242 23.604638
31.582538 21.065688
30.927243 18.900117
30.297653 16.973760
29.616654 15.044804
28.884270 13.133708
27.676475 10.312824
26.944091 8.782392
26.211708 7.374768
25.607823 6.299878
24.798350 4.972027
24.168735 4.022873
23.487761 3.073353
22.832466 2.230854
22.061526 1.323734
21.406231 0.620047
20.648143 -0.121284
19.877227 -0.799627
18.605170 -1.763826
17.795697 -2.283611
16.446576 -3.000355
15.701340 -3.321190
14.326514 -3.782994
13.581278 -3.966894
12.848869 -4.104685
12.129338 -4.200346
11.396955 -4.258956
10.754512 -4.293767
9.983572 -4.358355
9.251188 -4.444651
8.647303 -4.534524
7.760716 -4.697912
7.054037 -4.855621
6.347333 -5.038372
5.486476 -5.295723
4.766920 -5.540911
4.124477 -5.783586
3.315005 -6.122123
2.621178 -6.442143
1.901622 -6.803939
1.053592 -7.270538
0.398297 -7.661725
-0.359766 -8.148544
-1.053617 -8.627240
-1.811706 -9.187476
-2.544089 -9.766695
-3.173679 -10.295293
-3.931768 -10.970484
-4.574210 -11.576692
-5.447944 -12.452797
-6.077534 -13.122096
-6.719976 -13.838853
-7.400976 -14.636930
-8.133359 -15.540508
-9.045626 -16.733867
-10.279126 -18.472220
-10.895863 -19.397393
-11.512626 -20.361338
-12.412040 -21.838731
-13.054482 -22.947830
-13.722629 -24.150519
-14.416456 -25.454222
-14.994661 -26.584639
-15.778455 -28.182922
-16.562222 -29.859704
-17.204690 -31.294922
-18.540959 -34.463491
-19.183401 -36.079024
-19.800164 -37.688829
-20.571079 -39.784943
-21.264931 -41.754247
-21.907373 -43.650174
-22.588372 -45.004659
-23.269372 -45.816894
-23.963198 -46.621432
-24.541404 -47.274637
-25.273787 -48.080101
-26.057581 -48.915738
-26.751407 -49.633391
-28.087701 -50.959387
-28.781553 -51.619789
-29.578173 -52.355219
-30.182083 -52.896971
-31.030088 -53.635432
-31.813881 -54.295550
-33.085913 -55.322803
-33.766912 -55.851172
-34.473617 -56.384141
-35.218853 -56.929727
-35.874147 -57.395920
-36.516589 -57.841002
-37.287530 -58.359906
-38.019914 -58.837941
-38.700888 -59.269768
-38.019914 -53.157498
-37.326062 -47.863627
-36.143971 -40.360202
-34.923324 -34.028572
-33.805470 -29.141550
-33.124470 -26.501708
-32.533412 -24.386308
-31.813881 -22.006173
-30.464760 -18.041426
-29.783761 -16.254186
-29.128466 -14.653585
-28.306141 -12.795378
-27.663673 -11.450207
-26.982699 -10.118194
-26.160374 -8.628399
-25.505080 -7.527280
-24.746991 -6.341671
-24.078844 -5.370050
-23.449255 -4.513435
-22.691166 -3.553309
-21.958783 -2.695330
-21.213547 -1.888234
-20.506842 -1.180794
-19.774459 -0.503849
-19.042075 0.118938
-18.219750 0.757169
-17.641545 1.169174
-16.857751 1.681589
-15.457221 2.472952
-14.801926 2.791745
-14.069543 3.111397
-13.324307 3.398623
-12.681864 3.616694
-11.859539 3.857573
-11.140008 4.034520
-10.369067 4.190530
-9.675216 4.302378
-8.968537 4.389514
-8.184744 4.455711
-7.490917 4.492159
-6.732829 4.546847
-6.026125 4.619972
-5.306593 4.716494
-4.574210 4.837724
-3.906063 4.968646
-3.263621 5.112905
-2.351354 5.348854
-1.734617 5.529141
-1.027913 5.756430
-0.244145 6.034470
0.462559 6.308687
1.169238 6.605286
1.978711 6.972655
2.621178 7.285312
3.392094 7.685195
4.060241 8.053660
4.805477 8.488699
5.653507 9.014719
6.257392 9.409466
6.989801 9.910807
7.722184 10.436951
8.467420 10.997880
9.276893 11.636443
9.945040 12.186552
10.574630 12.724023
11.409807 13.465673
12.142191 14.143006
12.771780 14.745454
13.645515 15.612496
14.365046 16.353597
15.727020 17.823511
16.433724 18.620893
17.153255 19.457122
18.014137 20.489976
19.530289 22.394792
20.159904 23.217999
20.866583 24.164480
21.650376 25.242104
22.986644 27.146892
23.680496 28.169543
24.425732 29.293501
25.620675 31.150957
26.443000 32.468712
27.149679 33.626855
28.318943 35.595235
28.987064 36.749111
28.113355 29.760214
27.509445 26.127419
26.802766 22.608461
26.147471 19.844363
25.530734 17.572627
24.836882 15.318368
24.130203 13.288480
23.436351 11.511008
22.832466 10.111507
22.074378 8.521646
21.354847 7.162209
20.596758 5.867223
19.350406 4.001353
18.592343 3.005412
17.076166 1.281200
16.343782 0.560827
15.071725 -0.538736
14.365046 -1.074252
13.709752 -1.526945
12.861722 -2.054460
12.167895 -2.440369
11.551133 -2.751073
10.536072 -3.200448
9.315450 -3.646429
8.570214 -3.871890
7.837805 -4.061174
7.143979 -4.212481
6.321654 -4.358353
5.692064 -4.446686
4.972507 -4.524018
4.227271 -4.578727
3.456356 -4.621368
2.801061 -4.681445
1.965884 -4.794401
1.233475 -4.926914
0.578206 -5.071881
-0.269824 -5.296390
-1.002208 -5.523660
-1.734617 -5.781750
-2.467000 -6.070520
-3.276473 -6.425235
-3.880383 -6.714080
-4.677004 -7.126597
-5.473624 -7.574781
-6.116091 -7.962091
-6.809918 -8.406164
-7.593711 -8.939886
-8.210448 -9.383647
-8.994242 -9.977686
-10.407599 -11.133339
-11.152835 -11.786106
-11.833835 -12.408615
-12.591923 -13.130623
-13.427100 -13.961228
-14.699132 -15.296552
-15.431541 -16.103549
-16.215309 -16.997742
-17.037634 -17.969687
-17.654397 -18.721193
-18.386781 -19.638472
-19.684517 -21.329611
-20.558252 -22.515106
-21.136432 -23.320136
-21.933078 -24.455935
-22.601225 -25.432114
-23.513491 -26.799390
-24.708434 -28.649843
-25.453670 -29.837691
-26.956995 -32.311827
-28.203347 -34.440980
-28.858642 -35.588372
-28.023464 -28.917426
-27.368170 -25.025182
-26.712875 -21.820734
-26.031876 -18.998568
-25.376581 -16.648220
-24.785523 -14.770517
-24.040287 -12.668298
-23.462082 -11.207666
-22.678314 -9.427192
-21.958783 -7.965638
-20.609636 -5.594671
-19.813016 -4.385347
-19.132017 -3.447639
-18.489574 -2.636060
-17.680076 -1.704860
-16.909161 -0.904010
-16.163925 -0.202242
-15.470073 0.392454
-14.763394 0.944434
-13.966749 1.506552
-13.324307 1.916691
-12.669012 2.297935
-11.885244 2.707798
-11.255629 3.002845
-10.536098 3.304946
-9.752305 3.593895
-9.097010 3.805167
-8.390331 4.003754
-7.683652 4.173525
-6.887007 4.332171
-6.103239 4.456174
-4.818329 4.594969
-3.841826 4.652333
-3.263621 4.694420
-2.467000 4.784649
-1.798853 4.889073
-1.066470 5.033582
-0.167030 5.253915
1.156386 5.663653
1.914474 5.944036
3.353562 6.567281
4.047388 6.910131
4.844034 7.337595
6.218860 8.159808
6.951243 8.641232
7.645070 9.124982
8.480247 9.742811
9.135542 10.254602
9.932187 10.908625
10.548925 11.438817
11.242777 12.060066
12.013692 12.780899
12.874574 13.623661
13.529869 14.291732
14.275105 15.079231
15.046046 15.924753
15.688488 16.653166
16.433724 17.525078
17.127550 18.362694
17.949875 19.387489
18.643727 20.279029
19.221933 21.040617
20.159904 22.311855
20.879435 23.316817
21.470468 24.161496
22.215704 25.251047
22.922408 26.309317
23.629087 27.391742
24.335791 28.498214
25.068174 29.670020
25.723469 30.739992
26.571473 32.154518
27.740737 34.159662
28.473121 35.447581
27.406651 27.306632
25.993293 20.257723
25.376530 17.876544
24.772645 15.821250
24.130203 13.876616
23.462056 12.072201
22.858146 10.602232
22.010141 8.755799
21.329142 7.430733
19.890080 5.012694
19.299022 4.147806
18.643727 3.264460
17.821402 2.257551
16.408019 0.758894
15.675635 0.084113
14.930399 -0.538891
14.236548 -1.065691
13.645515 -1.476726
12.810338 -2.002487
12.142191 -2.379698
11.358397 -2.776389
10.009276 -3.352515
9.251188 -3.621652
8.518804 -3.847116
7.786421 -4.040522
7.066890 -4.200973
6.180303 -4.360596
4.933975 -4.518453
4.111650 -4.582765
3.469183 -4.616246
2.672563 -4.683587
1.927327 -4.780787
1.194943 -4.908402
0.501091 -5.058539
-0.308381 -5.269501
-1.027913 -5.489258
-1.798853 -5.758232
-2.569794 -6.061716
-4.008857 -6.719949
-4.741240 -7.100514
-5.409387 -7.474335
-6.064682 -7.865525
-6.887007 -8.390654
-7.593711 -8.872215
-8.300390 -9.381566
-9.071331 -9.968764
-9.790862 -10.546304
-10.626039 -11.252146
-11.229950 -11.786130
-12.604775 -13.074996
-13.529894 -13.999034
-14.198041 -14.694530
-15.457221 -16.068784
-16.318103 -17.055674
-16.960545 -17.816961
-17.808575 -18.854071
-19.183401 -20.612502
-19.787311 -21.414741
-20.699578 -22.660757
-21.971610 -24.466041
-22.678314 -25.502790
-23.397845 -26.582890
-24.220170 -27.847335
-25.453670 -29.803431
-26.121817 -30.892422
-26.725728 -31.894327
-27.637994 -33.439227
-28.910026 -35.655753
-28.010612 -28.561128
-27.342465 -24.679119
-26.648613 -21.367429
-25.299492 -16.274072
-24.721287 -14.475681
-24.027435 -12.545740
-23.205110 -10.525065
-21.984462 -7.955282
-21.316315 -6.728168
-20.442606 -5.284434
-19.813016 -4.343980
-19.196253 -3.495173
-18.399633 -2.494846
-17.770018 -1.773862
-17.063339 -1.031309
-16.241014 -0.248447
-15.547162 0.349837
-14.737690 0.981756
-13.350011 1.915381
-12.720422 2.282202
-11.872392 2.725127
-11.294186 2.995459
-10.497541 3.328474
-9.790862 3.587768
-9.148420 3.795680
-8.416036 4.002089
-7.632243 4.188766
-7.054037 4.304930
-6.206033 4.443892
-5.460797 4.536678
-4.818329 4.595714
-4.073093 4.640986
-3.417824 4.682059
-2.569794 4.772678
-1.875942 4.878191
-1.105002 5.028447
-0.449707 5.183416
0.436855 5.432811
1.092149 5.646423
1.863090 5.929479
2.466975 6.175089
3.353562 6.573558
4.034536 6.910095
4.741240 7.287230
5.460771 7.700269
6.128918 8.109954
6.964096 8.657292
7.645070 9.132409
8.338922 9.643024
9.097010 10.231352
9.790836 10.797524
10.677423 11.559319
11.923751 12.702412
12.643307 13.400494
13.362838 14.126256
14.275105 15.085989
14.917547 15.788232
15.688488 16.659511
16.382314 17.470122
17.191812 18.447364
17.885639 19.311769
18.630875 20.267583
19.350406 21.217129
20.057110 22.175097
20.712405 23.085666
21.496172 24.202715
22.202877 25.235846
22.922408 26.312779
23.629087 27.394890
24.284381 28.419772
25.042470 29.630977
25.762001 30.805733
27.239620 33.294137
28.396032 35.311930
29.089858 36.551818
29.783710 37.813463
31.030037 40.133626
31.788125 41.578401
33.098715 44.135112
33.843951 45.621851
34.486393 46.922453
35.141687 48.266977
35.745572 49.521892
37.158955 52.517814
37.827102 53.962415
38.508076 55.453238
39.317574 57.249472
39.972869 58.722473
40.679548 60.329773
41.399079 60.867437
42.092931 61.250619
42.863846 61.663827
43.634787 62.064256
44.906819 62.698040
45.626350 63.042256
46.320202 63.364764
47.193911 63.758117
47.849206 64.044087
48.543058 64.338682
49.198352 64.609372
50.097766 64.969346
50.765913 65.228363
51.536829 65.518609
52.230680 65.772178
53.014448 66.050142
53.708300 66.288942
54.337890 66.499882
55.224451 66.787930
54.260801 58.700328
52.963064 50.052886
51.819505 43.824899
51.048590 40.158787
50.431827 37.475349
49.635207 34.289353
48.491648 30.183227
47.887763 28.205904
47.258173 26.267814
46.397291 23.801349
45.806233 22.219275
45.099554 20.435819
43.724728 17.268490
43.082286 15.911614
42.426992 14.600864
41.681756 13.194030
40.949372 11.892469
40.088490 10.457930
39.034898 8.831847
38.302514 7.779387
37.608662 6.837334
36.799190 5.802105
36.131043 4.996599
35.411512 4.176073
34.730512 3.442157
34.062365 2.760534
33.278597 2.007217
32.584746 1.380091
31.916624 0.809944
31.222772 0.251404
30.387595 -0.377509
29.706621 -0.856708
29.051326 -1.290507
28.396032 -1.698480
27.612238 -2.153809
26.879855 -2.548357
26.263117 -2.858287
25.505029 -3.212283
24.875439 -3.484417
24.194440 -3.757188
23.295026 -4.084267
22.626879 -4.303650
21.855938 -4.532677
21.174964 -4.714171
20.365466 -4.905369
19.607403 -5.061017
18.926404 -5.182154
18.206872 -5.291501
17.474489 -5.383699
16.536518 -5.474529
15.174519 -5.554083
14.403603 -5.585616
13.696899 -5.626919
12.810338 -5.695997
12.077954 -5.767739
11.499748 -5.833873
10.690276 -5.940699
9.970719 -6.049771
9.122715 -6.195588
8.428863 -6.328977
7.632243 -6.497952
6.964096 -6.652881
6.347333 -6.806712
5.447919 -7.049883
4.702683 -7.268519
4.098798 -7.457230
3.135122 -7.780056
2.479827 -8.014994
1.773149 -8.282526
1.040765 -8.575490
0.218415 -8.923733
-0.501117 -9.245389
-1.233500 -9.589249
-2.081530 -10.008422
-3.379267 -10.694258
-4.265828 -11.194187
-4.844034 -11.534181
-5.653507 -12.028898
-6.347358 -12.470555
-6.938416 -12.859750
-7.837830 -13.475165
-8.493125 -13.941373
-9.186977 -14.451605
-10.022154 -15.088677
-11.422685 -16.214128
-12.155068 -16.831648
-12.823215 -17.412646
-13.619836 -18.127631
-14.326514 -18.782419
-15.071750 -19.494110
-15.791307 -20.202159
-16.485133 -20.904557
-18.027015 -22.535792
-19.337604 -24.000120
-20.044283 -24.819960
-20.712430 -25.614897
-21.509050 -26.588146
-22.138665 -27.377187
-22.819639 -28.250530
-23.667669 -29.367442
-24.425758 -30.393785
-25.762052 -32.268108
-26.956995 -34.015910
-27.882113 -35.416475
-29.102761 -37.328969
-29.925086 -38.659446
-30.503292 -39.615525
-31.248528 -40.873151
-31.878118 -41.958110
-32.546265 -43.132300
-33.188707 -44.283680
-34.036737 -45.837480
-34.640647 -46.967827
-35.270237 -48.167588
-36.002620 -49.590948
-36.657915 -50.890029
-37.287530 -52.161172
-38.071298 -53.775338
-38.726593 -55.152287
-39.394740 -56.582196
-39.985798 -57.869193
-40.859507 -59.810021
-41.553359 -60.953579
-42.208653 -61.313478
-42.941037 -61.704490
-43.737682 -62.116754
-44.380125 -62.439598
-45.099656 -62.791284
-45.754950 -63.102721
-46.487334 -63.441095
-47.849333 -64.044141
-48.517480 -64.327969
-49.275568 -64.640795
-49.892306 -64.888270
-50.766040 -65.228412
-51.421335 -65.475703
-52.153718 -65.744403
-52.860397 -65.996204
-53.490012 -66.214539
-54.389426 -66.516912
-54.980484 -66.709694
-55.751425 -66.954303
-56.393867 -67.152382
-55.674336 -61.027607
-54.646398 -53.898311
-54.042513 -50.323686
-53.451455 -47.155402
-52.719072 -43.599132
-51.601218 -38.802579
-50.804572 -35.760713
-49.699570 -31.961009
-49.018571 -29.826077
-48.247656 -27.573887
-47.065540 -24.417404
-46.435950 -22.866095
-45.690714 -21.133983
-44.444361 -18.464073
-43.699125 -16.989850
-43.005299 -15.691931
-42.362831 -14.549849
-41.463417 -13.040796
-40.885212 -12.122457
-40.229917 -11.127644
-39.446149 -9.998327
-38.688061 -8.965044
-37.904268 -7.954094
-37.236121 -7.135817
-36.542294 -6.326272
-35.758501 -5.458533
-34.897619 -4.559615
-33.651266 -3.352391
-33.008824 -2.771128
-31.377026 -1.411357
-30.143526 -0.487130
-29.462527 -0.012597
-28.730143 0.470729
-27.959202 0.950416
-27.252524 1.364905
-26.494435 1.783738
-25.749199 2.170375
-24.914022 2.575212
-24.322964 2.844159
-23.577728 3.163212
-22.704019 3.509737
-22.035872 3.755359
-21.213547 4.035399
-20.583931 4.233708
-19.800164 4.461665
-19.029223 4.666048
-18.412485 4.815796
-17.551603 5.004987
-16.819220 5.148266
-16.061131 5.279974
-15.392984 5.382437
-14.429308 5.508410
-13.080187 5.643045
-12.373483 5.694837
-11.525453 5.740561
-10.908716 5.763528
-10.073538 5.801032
-9.405391 5.841167
-8.673008 5.895578
-7.889215 5.965962
-7.272477 6.030236
-6.463005 6.126561
-5.769153 6.220008
-5.165268 6.309567
-4.471416 6.421978
-3.636239 6.570862
-2.826766 6.729416
-2.132914 6.876569
-1.387678 7.046259
-0.770941 7.195863
0.064237 7.411781
0.848030 7.628453
1.529004 7.827811
2.274240 8.057895
3.058033 8.313402
3.803269 8.569278
4.574210 8.847338
5.203800 9.084555
5.974715 9.387512
6.719951 9.693527
7.388098 9.978944
8.248980 10.362204
8.852865 10.641534
9.713747 11.054780
10.420452 11.407307
11.139983 11.778621
11.898071 12.183433
12.566193 12.551839
13.555574 13.117542
14.236548 13.520969
14.891842 13.920075
15.611399 14.370689
16.228136 14.767271
17.230344 15.432235
18.014137 15.970084
18.733668 16.477678
19.466052 17.008022
20.134199 17.503953
20.969376 18.140189
21.624671 18.652157
22.459848 19.321024
23.205084 19.933421
24.040262 20.637263
24.708409 21.213755
25.363678 21.790773
26.070382 22.426060
26.802766 23.098706
27.727885 23.969243
29.128415 25.331781
29.770857 25.974897
30.439004 26.655890
31.222772 27.470580
31.878067 28.164921
32.649008 28.997252
33.278597 29.689418
33.972424 30.465215
34.756217 31.358085
35.424364 32.133074
36.079659 32.905594
36.786337 33.752546
37.672899 34.835506
38.263957 35.570176
38.970636 36.461921
39.638783 37.318472
40.255520 38.120743
41.052166 39.173619
41.758845 40.123288
40.872283 33.468165
40.191284 29.718548
38.957783 24.442473
38.302514 22.151091
37.634367 20.072893
36.863426 17.933410
36.208132 16.293520
35.565690 14.819768
34.846158 13.304545
34.152307 11.961133
33.574126 10.919578
32.995921 9.941554
32.045097 8.456703
31.441212 7.585243
30.721681 6.612107
29.963593 5.656816
29.334003 4.913440
28.550210 4.046175
27.792121 3.263961
26.468705 2.019080
25.749148 1.400882
25.016765 0.810525
24.258676 0.238101
23.076586 -0.581777
22.177172 -1.150666
21.444788 -1.581330
20.712405 -1.984434
19.427520 -2.629283
18.579490 -3.014157
17.782845 -3.348073
17.050461 -3.632604
16.318078 -3.896617
15.444343 -4.185981
14.827606 -4.374179
14.108074 -4.577648
13.414223 -4.758049
12.733249 -4.920578
11.859514 -5.108868
11.127130 -5.249850
10.381894 -5.378153
9.713747 -5.480645
8.904275 -5.589499
8.146186 -5.676756
7.388098 -5.750315
6.642862 -5.809728
5.807685 -5.861638
5.203800 -5.889816
4.432859 -5.918944
3.674770 -5.960681
2.955239 -6.015058
2.210003 -6.086575
1.361973 -6.186816
0.706679 -6.278059
-0.077089 -6.403010
-0.822325 -6.537836
-1.631823 -6.702019
-2.338502 -6.860477
-3.058033 -7.036334
-3.751885 -7.219815
-4.394327 -7.401891
-5.447944 -7.725917
-6.758534 -8.173147
-7.375271 -8.400587
-8.236153 -8.736269
-8.955684 -9.033132
-9.636684 -9.327786
-10.459009 -9.701349
-11.191392 -10.050433
-12.052275 -10.480515
-13.362864 -11.176295
-14.082395 -11.579370
-14.801926 -11.997402
-15.778455 -12.588686
-17.140428 -13.459428
-17.834280 -13.923669
-18.592368 -14.446826
-19.350457 -14.986629
-20.108520 -15.543059
-20.763814 -16.037471
-21.431961 -16.554386
-22.292843 -17.239474
-23.089464 -17.892539
-23.796168 -18.487269
-24.464315 -19.062841
-25.273787 -19.777455
-26.096112 -20.522809
-26.674318 -21.058591
-27.470964 -21.812596
-28.126258 -22.446538
-28.730143 -23.041706
-29.770908 -24.092092
-31.017261 -25.390953
-31.826733 -26.258418
-32.507733 -27.002755
-33.214412 -27.789196
-33.921116 -28.589945
-34.614942 -29.389974
-35.257384 -30.142990
-36.182503 -31.247972
-36.799266 -31.998157
-37.454561 -32.807030
-38.212649 -33.757955
-38.932180 -34.675539
-39.857299 -35.876748
-40.988005 -37.377586
-41.733241 -38.386374
-42.388536 -39.286247
-43.069535 -40.234116
-42.439946 -35.249473
-41.848888 -31.656462
-41.142183 -28.150308
-39.818767 -22.979151
-38.533857 -19.041958
-37.814326 -17.155945
-37.171884 -15.623460
-36.452353 -14.051093
-35.758501 -12.659376
-35.026117 -11.305790
-34.383675 -10.204703
-33.689823 -9.096292
-32.983145 -8.045041
-32.250736 -7.030153
-31.428411 -5.972453
-30.734584 -5.141215
-29.950791 -4.263647
-29.166998 -3.445958
-28.498876 -2.792579
-27.869261 -2.211090
-27.072641 -1.519823
-26.365937 -0.945477
-25.684963 -0.424440
-24.888317 0.147202
-24.220170 0.596950
-23.436402 1.092019
-22.755403 1.495205
-22.138665 1.839802
-21.354872 2.250948
-20.609636 2.615418
-19.902957 2.938395
-19.132017 3.266812
-18.168341 3.643997
-16.934840 4.075947
-16.189604 4.310827
-15.495778 4.512729
-14.622043 4.744947
-13.966749 4.903627
-13.247218 5.063180
-12.476277 5.217700
-11.743893 5.349333
-10.870159 5.487797
-10.189185 5.582211
-9.456801 5.671025
-8.775802 5.742151
-7.837830 5.822678
-7.259625 5.862578
-6.565798 5.900963
-5.820562 5.930993
-5.075326 5.963381
-4.304386 6.012716
-3.623386 6.069732
-2.813914 6.153957
-2.145767 6.236984
-0.668147 6.464162
0.025679 6.591618
0.783768 6.746124
1.464767 6.898531
2.184298 7.073598
2.916682 7.266643
3.777564 7.512769
4.471416 7.726291
5.062449 7.918864
5.987567 8.240088
6.630010 8.477406
7.362419 8.762239
8.159039 9.089355
8.891422 9.406044
9.713747 9.779876
10.304805 10.060523
11.088573 10.448115
11.820982 10.826250
12.437720 11.156632
13.375691 11.680104
14.095222 12.098876
14.814753 12.532614
15.431516 12.916331
16.343782 13.504111
17.101871 14.010930
17.924196 14.579580
18.695111 15.130548
19.401815 15.650835
20.275525 16.314203
20.917967 16.816194
21.650376 17.403187
22.434144 18.048705
23.050881 18.569285
23.924616 19.325844
24.669852 19.988795
25.260910 20.526155
26.018973 21.230324
26.725677 21.901949
27.496592 22.651284
28.331770 23.482733
28.999917 24.162610
29.629506 24.815222
30.567478 25.809021
31.158536 26.448490
31.852362 27.212190
32.571919 28.019089
33.252893 28.796667
34.088070 29.768825
34.717660 30.515142
35.450043 31.397866
36.105338 32.200934
36.863426 33.145584
37.493016 33.942826
38.238252 34.901406
38.983488 35.876115
40.525370 37.943894
41.707460 39.575745
42.324198 40.443149
41.578962 34.675351
40.885135 30.674931
39.741577 25.567407
38.970636 22.777258
37.544426 18.507713
36.439424 15.768874
35.501453 13.734091
34.871863 12.491444
34.203716 11.266410
33.419923 9.938274
32.751801 8.888908
32.122186 7.962753
31.428360 7.006295
30.606035 5.951878
29.244061 4.373307
28.550210 3.641067
27.933472 3.027177
27.175384 2.316994
26.520089 1.740021
25.736296 1.091857
24.965381 0.496043
24.348618 0.047325
23.706176 -0.395109
22.858146 -0.942267
22.151467 -1.367963
21.354847 -1.816747
20.660995 -2.182180
19.967169 -2.525085
19.119139 -2.915140
18.399608 -3.222244
17.692903 -3.503575
16.909136 -3.793117
16.189579 -4.039041
15.508605 -4.254978
14.789074 -4.466096
13.915339 -4.699894
12.553366 -5.017553
11.808130 -5.168476
11.152835 -5.288426
10.356190 -5.418750
9.739452 -5.508350
8.788629 -5.627892
8.081950 -5.702638
7.388098 -5.764743
6.514389 -5.827577
5.743448 -5.869271
4.420006 -5.923560
3.713328 -5.967093
2.878150 -6.036157
2.030120 -6.125866
1.413383 -6.203537
0.616737 -6.319398
-0.128499 -6.443674
-1.554734 -6.724485
-2.338502 -6.902910
-3.070885 -7.085140
-3.764737 -7.271628
-4.484268 -7.479276
-5.229504 -7.709675
-6.013298 -7.968863
-6.732829 -8.222053
-7.362419 -8.455592
-8.441741 -8.882055
-9.019921 -9.124091
-9.662363 -9.404161
-10.420452 -9.749740
-11.075746 -10.061642
-11.910924 -10.476906
-12.604775 -10.837039
-13.375716 -11.253316
-14.043838 -11.627825
-14.660601 -11.984888
-15.560015 -12.525122
-16.305251 -12.990323
-17.101896 -13.505242
-17.680076 -13.890367
-18.528106 -14.472614
-19.337604 -15.047692
-20.095693 -15.603336
-20.776667 -16.116555
-21.650401 -16.794593
-22.331401 -17.338300
-22.986695 -17.874085
-23.693374 -18.465734
-24.502847 -19.161104
-25.209551 -19.783607
-25.864845 -20.373663
-26.725728 -21.167606
-27.445259 -21.847532
-28.126258 -22.504748
-28.871494 -23.239216
-29.565321 -23.937344
-30.336261 -24.729254
-31.171439 -25.606364
-32.392087 -26.924203
-33.278648 -27.908049
-33.882559 -28.591072
-34.679179 -29.507951
-35.411588 -30.366865
-36.131119 -31.225528
-37.416003 -32.795404
-38.109855 -33.662598
-38.752297 -34.477673
-39.536091 -35.487856
-40.307006 -36.498324
-40.975153 -37.387607
-41.656152 -38.306888
-43.043831 -40.220297
-42.414241 -35.235816
-41.733241 -31.156679
-40.564003 -25.801466
-39.857299 -23.187219
-38.508178 -19.030299
-37.904268 -17.434774
-37.248973 -15.848864
-36.542294 -14.283625
-35.797058 -12.773078
-35.167443 -11.594608
-34.422207 -10.301511
-33.728381 -9.186016
-33.008824 -8.109660
-32.109410 -6.867407
-30.785968 -5.222472
-30.040732 -4.381024
-29.308349 -3.607520
-28.601645 -2.907545
-27.779320 -2.146145
-27.085493 -1.545026
-26.301700 -0.908273
-25.466523 -0.275876
-24.130229 0.644985
-23.462082 1.066545
-21.971610 1.921595
-21.354872 2.243199
-20.545400 2.638608
-19.825843 2.965859
-19.067780 3.287160
-18.348223 3.570890
-17.577308 3.852955
-16.896309 4.084070
-16.176777 4.310636
-15.251633 4.576487
-14.596339 4.748195
-13.979601 4.897721
-13.208660 5.068747
-12.412040 5.227619
-11.396980 5.404892
-10.240569 5.574132
-9.456801 5.669942
-8.660155 5.752339
-7.889215 5.818200
-7.118299 5.870877
-5.794858 5.931849
-4.998237 5.967308
-4.407179 6.004732
-3.494913 6.081146
-2.852471 6.148587
-2.132914 6.237541
-1.233500 6.368731
0.089941 6.602350
0.822325 6.752486
1.490472 6.902461
2.389886 7.124002
2.993796 7.285448
3.751859 7.502576
4.471416 7.723616
5.203800 7.963577
6.000420 8.241788
6.630010 8.474378
7.465187 8.800276
8.094802 9.059076
9.135542 9.511647
10.317658 10.063252
11.088573 10.444556
11.936603 10.883723
12.720396 11.308030
13.375691 11.676369
14.108074 12.102713
14.917547 12.591982
15.534284 12.977492
16.433724 13.559488
17.166107 14.050741
17.898491 14.557589
18.682284 15.117311
19.440347 15.675687
20.147051 16.211327
20.956524 16.842773
21.740317 17.472428
22.331350 17.959107
23.333558 18.807716
23.911763 19.310677
24.656999 19.973371
25.350851 20.604993
26.096087 21.299101
26.905560 22.071475
27.548002 22.698140
28.357474 23.504955
29.025621 24.185372
30.490389 25.722801
31.184240 26.473004
31.968008 27.337374
32.546214 27.986563
33.342834 28.896993
34.049538 29.720186
34.743365 30.542568
35.424364 31.363407
36.156748 32.261274
36.940515 33.239445
37.557278 34.021757
38.225400 34.881692
38.996341 35.890076
40.345462 37.696179
40.987929 38.574786
41.707460 39.572939
42.337050 40.458577
43.069434 41.503183
43.737581 42.469625
44.495669 43.581687
45.189496 44.613919
46.384439 46.423952
47.271000 47.793185
47.939147 48.839867
49.224032 50.888288
49.879326 51.950971
50.598857 53.131778
51.382651 54.434620
52.037945 55.537102
52.667535 56.607661
53.502712 58.044883
54.132302 59.141158
54.928922 60.544050
56.316601 63.029749
56.997600 64.269007
57.768541 65.687294
58.500924 67.049705
59.156219 67.947721
59.862898 68.137305
60.556724 68.318247
61.379049 68.526233
62.072901 68.696433
62.702491 68.846800
63.537668 69.040466
64.257199 69.202166
64.963904 69.356487
65.786229 69.530616
66.711347 69.719750
67.906290 69.953869
68.664353 70.096674
69.358205 70.223632
70.167678 70.367352
70.887209 70.491251
71.619593 70.613753
72.210651 70.710034
73.007271 70.836255
73.739654 70.948812
72.570416 61.829122
71.825180 57.151664
71.246975 53.932830
70.617385 50.748271
69.358205 45.159134
68.754295 42.773863
68.034764 40.135727
67.405174 37.986134
66.582849 35.373014
65.323669 31.737697
64.694054 30.063952
64.103021 28.570178
63.396343 26.874358
62.676786 25.240333
62.072901 23.935495
61.301960 22.351114
60.620986 21.022111
59.888603 19.661183
59.220456 18.477341
58.578013 17.387719
57.832777 16.179910
57.036157 14.951401
56.368010 13.967874
55.674158 12.989183
55.006037 12.085756
54.376422 11.267670
53.528417 10.214242
52.821713 9.376663
52.153591 8.616840
51.382651 7.776971
50.624562 6.987858
49.866474 6.233485
49.172647 5.572167
48.517353 4.972076
47.784969 4.328446
47.065438 3.722841
46.345907 3.142692
45.510729 2.499949
44.842582 2.008556
44.225820 1.572304
43.454904 1.049648
42.812462 0.632674
42.028669 0.146040
41.244901 -0.317134
39.844370 -1.088999
39.111987 -1.465358
38.482397 -1.774513
37.672899 -2.153069
36.991925 -2.455499
36.118190 -2.822778
35.462896 -3.083371
34.781922 -3.341065
34.100922 -3.585753
33.368539 -3.834761
32.584746 -4.085453
31.916624 -4.286600
31.132831 -4.508247
30.503241 -4.675361
29.693768 -4.876292
28.909975 -5.056295
28.177592 -5.211891
27.445208 -5.355619
26.777061 -5.476631
25.890499 -5.622678
25.170968 -5.729329
24.489969 -5.820699
23.731880 -5.911711
22.973792 -5.991704
22.254261 -6.057665
21.431936 -6.121441
20.673847 -6.169514
20.069962 -6.200604
19.376111 -6.228596
18.540933 -6.253689
17.731461 -6.283798
16.909136 -6.323335
16.202431 -6.364592
15.521457 -6.410770
14.711959 -6.473941
13.953896 -6.541328
13.285749 -6.607383
12.373483 -6.707751
11.666779 -6.793657
10.998632 -6.881487
10.202012 -6.994681
9.469628 -7.106955
8.814333 -7.214140
7.927746 -7.369369
7.233920 -7.499118
6.424447 -7.659764
5.782005 -7.794434
5.036769 -7.958678
4.265828 -8.137744
3.520592 -8.319776
2.801061 -8.503946
2.081505 -8.696470
1.246327 -8.930500
0.449707 -9.164416
-0.256972 -9.380747
-0.989381 -9.613795
-1.786001 -9.877592
-2.454148 -10.107214
-3.250768 -10.391066
-3.996004 -10.666626
-4.754093 -10.956976
-5.627827 -11.304308
-6.912712 -11.840081
-7.657948 -12.164644
-9.186977 -12.862809
-9.855098 -13.181669
-10.677449 -13.585804
-12.129364 -14.331183
-12.900304 -14.743721
-13.517042 -15.082217
-14.390776 -15.574791
-15.020366 -15.939284
-15.881248 -16.450772
-16.587927 -16.882057
-17.256074 -17.299387
-18.014163 -17.784258
-18.707989 -18.238714
-19.633108 -18.860728
-20.288402 -19.312542
-20.995107 -19.810339
-21.714638 -20.328511
-23.282199 -21.497549
-23.988903 -22.042835
-24.695582 -22.599596
-25.338024 -23.115816
-26.160374 -23.790730
-26.841348 -24.361743
-27.650846 -25.054972
-28.408935 -25.718550
-29.115614 -26.349781
-29.899407 -27.064320
-30.516144 -27.637334
-31.325617 -28.403963
-31.980911 -29.036781
-32.700468 -29.744365
-33.497088 -30.543401
-34.088146 -31.146998
-34.974708 -32.069712
-35.604323 -32.737763
-37.030533 -34.290775
-37.685828 -35.023048
-38.443916 -35.885089
-39.112063 -36.658233
-39.831594 -37.504994
-40.615387 -38.444257
-41.244977 -39.211601
-41.990213 -40.134864
-42.748302 -41.090867
-43.429301 -41.964264
-44.727038 -43.667410
-45.523683 -44.738442
-46.731479 -46.399835
-47.399626 -47.338619
-48.042068 -48.254682
-48.735894 -49.258904
-49.583924 -50.507527
-50.958775 -52.582091
-52.205103 -54.517319
-52.963191 -55.720234
-53.618486 -56.775959
-54.273780 -57.846589
-54.929075 -58.932260
-55.751425 -60.316198
-56.406720 -61.436294
-57.087694 -62.616705
-57.845782 -63.950664
-58.513929 -65.143892
-59.207781 -66.400586
-59.953017 -67.770467
-60.608312 -68.331499
-61.430637 -68.539052
-62.008842 -68.680919
-62.908282 -68.895127
-63.512167 -69.034648
-64.270255 -69.205057
-65.002639 -69.364819
-66.505963 -69.678366
-67.199815 -69.816812
-67.842257 -69.941606
-68.664582 -70.096717
-69.242788 -70.202758
-70.013728 -70.340376
-70.887463 -70.491294
-71.555610 -70.603193
-72.403640 -70.740982
-73.161728 -70.860268
-73.778466 -70.954685
-74.523702 -70.584143
-73.906964 -65.518242
-72.853347 -58.614098
-72.236609 -55.233011
-71.594142 -52.076317
-70.476288 -47.257624
-69.808141 -44.697713
-69.062905 -42.069060
-67.945051 -38.497411
-67.186962 -36.288107
-66.518815 -34.463168
-65.927757 -32.934217
-65.156842 -31.048659
-64.565784 -29.678855
-63.897637 -28.202703
-63.306579 -26.955969
-62.265814 -24.883618
-61.135108 -22.792391
-60.338487 -21.409194
-59.644636 -20.260049
-58.809458 -18.940645
-57.421780 -16.889701
-56.239664 -15.268973
-55.288866 -14.042181
-54.646398 -13.249340
-53.978277 -12.454082
-53.310130 -11.687254
-52.603425 -10.905736
-51.639749 -9.886552
-50.406275 -8.655650
-49.519688 -7.818837
-48.633126 -7.019815
-47.386773 -5.956833
-46.808568 -5.486462
-46.011922 -4.860942
-45.253859 -4.289100
-43.801919 -3.254356
-43.133772 -2.803677
-41.733241 -1.908276
-40.975153 -1.450260
-40.319858 -1.068806
-39.587475 -0.657853
-38.842239 -0.255841
-38.045593 0.156452
-37.248973 0.551274
-36.542294 0.887356
-35.822738 1.216279
-34.897619 1.620071
-34.319413 1.861841
-33.561325 2.166817
-32.803262 2.458507
-31.968059 2.764942
-31.274233 3.007921
-30.580381 3.240666
-29.860850 3.471468
-29.012820 3.730042
-28.203347 3.963646
-27.470964 4.164174
-26.815669 4.335080
-26.057581 4.522992
-25.415138 4.674184
-24.515699 4.873739
-23.796168 5.023434
-23.038079 5.171816
-22.344228 5.299412
-21.534755 5.438569
-20.776667 5.559625
-20.121372 5.657199
-19.311899 5.768869
-18.540959 5.866310
-17.628692 5.970636
-16.305251 6.101404
-15.637104 6.158407
-14.750542 6.224941
-14.069543 6.269135
-13.337159 6.310093
-12.630480 6.343273
-11.820982 6.373773
-11.062894 6.395799
-10.253421 6.421938
-9.598127 6.447355
-8.929980 6.477225
-8.133359 6.518104
-7.298182 6.567169
-6.617183 6.611923
-5.923356 6.661947
-5.255209 6.714377
-4.368622 6.790459
-3.700475 6.852747
-3.070885 6.915371
-2.248560 7.002961
-1.593266 7.077501
-0.835177 7.169029
-0.025705 7.273092
0.822325 7.389195
1.426210 7.476335
2.158619 7.587047
2.891003 7.703315
3.790417 7.853781
4.484268 7.975702
5.190947 8.105162
5.871947 8.235009
6.630010 8.385482
7.388098 8.542270
8.197596 8.716729
8.865718 8.866247
9.572422 9.029894
10.613187 9.281290
11.949455 9.622465
12.720396 9.828844
13.337134 9.999033
14.262252 10.262888
15.020341 10.486850
15.739872 10.705945
16.536518 10.956009
17.256049 11.188698
18.065521 11.458308
18.836462 11.722876
19.658787 12.013550
20.301229 12.246787
21.136407 12.558144
21.894495 12.848820
22.575495 13.116544
23.410672 13.453510
24.284381 13.816308
24.913971 14.084332
25.710617 14.431474
26.430148 14.752773
27.201089 15.105291
27.869210 15.417780
28.627299 15.780284
29.359682 16.138593
30.040682 16.478978
30.721681 16.826385
31.595390 17.282497
32.289242 17.653131
33.047305 18.066678
33.754009 18.460392
34.512098 18.891612
35.424364 19.422856
36.773485 20.233545
37.467337 20.662291
38.276809 21.172765
39.009193 21.644274
39.703019 22.099512
40.461108 22.606531
41.065018 23.017696
41.861638 23.570024
42.671111 24.142999
43.364963 24.643661
44.097346 25.181777
44.701231 25.633014
45.562114 26.288191
46.397291 26.937343
47.733560 28.004144
48.440264 28.582567
49.262589 29.268203
49.943588 29.846369
50.663119 30.467569
51.408355 31.122272
51.999388 31.649777
52.898802 32.466728
53.605506 33.120814
54.273653 33.749190
54.877538 34.325561
55.892598 35.312638
54.916095 29.069810
54.260801 26.261566
53.669743 24.168429
52.924507 21.918214
51.601091 18.629965
50.868682 17.083799
50.290501 15.967582
49.326825 14.275314
48.054793 12.302537
47.425204 11.416711
46.679968 10.434283
45.664907 9.197584
45.086702 8.539646
43.737581 7.119260
43.005197 6.408317
42.324198 5.781254
41.617519 5.162562
40.885135 4.553295
40.127047 3.954434
39.458900 3.451634
38.713664 2.916681
37.968428 2.407313
37.184660 1.897491
36.439424 1.435866
35.796982 1.055012
34.987484 0.596445
34.306510 0.228163
33.728304 -0.072603
32.918832 -0.476102
32.122186 -0.854148
31.441212 -1.163036
30.644567 -1.508479
29.989272 -1.780313
29.218357 -2.086490
28.563062 -2.335626
27.804974 -2.611604
27.072590 -2.866238
26.391591 -3.092840
25.710617 -3.309989
24.772645 -3.594219
24.181587 -3.764796
23.307878 -4.005331
22.691115 -4.167056
22.022968 -4.334967
21.110702 -4.552391
20.442580 -4.703246
19.684492 -4.866121
19.067729 -4.992317
18.091226 -5.180907
17.345990 -5.315880
16.587902 -5.445493
15.855518 -5.563562
15.161692 -5.669116
14.146606 -5.812843
12.810338 -5.983386
12.013692 -6.075351
10.536072 -6.227536
9.816541 -6.293288
9.045600 -6.357870
8.377479 -6.409046
7.696479 -6.456734
6.771361 -6.514461
6.103214 -6.551218
5.306593 -6.589770
4.715535 -6.614747
3.713328 -6.650207
3.045181 -6.669297
2.274240 -6.694213
1.618945 -6.720625
0.758088 -6.762695
0.025679 -6.805137
-0.693852 -6.852841
-1.516177 -6.914715
-2.171471 -6.969687
-2.929560 -7.039607
-3.674796 -7.115010
-4.445711 -7.200031
-5.229504 -7.293857
-5.833415 -7.371271
-6.591478 -7.474810
-7.362419 -7.587435
-8.146212 -7.709580
-8.955684 -7.843892
-9.533890 -7.944955
-10.343363 -8.093677
-11.101451 -8.240677
-11.769598 -8.376483
-12.604775 -8.554543
-13.542747 -8.765625
-14.789074 -9.064499
-15.521483 -9.250044
-16.472281 -9.501986
-17.294631 -9.730082
-17.924221 -9.911162
-18.566663 -10.101753
-19.466077 -10.378532
-20.082840 -10.575101
-20.956549 -10.863080
-21.611844 -11.086457
-22.369932 -11.352848
-23.076637 -11.608953
-23.911814 -11.921372
-24.605640 -12.189025
-25.350876 -12.484785
-26.134670 -12.805178
-26.789964 -13.080452
-27.715083 -13.480668
-28.434614 -13.801418
-29.192703 -14.148412
-29.873702 -14.468114
-30.631790 -14.832983
-31.723940 -15.375439
-32.867498 -15.964949
-33.625587 -16.368031
-34.255177 -16.710312
-35.077502 -17.167748
-35.797058 -17.577743
-36.555121 -18.019591
-37.261825 -18.440747
-37.942825 -18.855098
-38.790855 -19.382866
-39.523238 -19.849285
-40.332711 -20.376366
-40.910916 -20.760361
-41.527654 -21.176893
-42.529887 -21.869217
-43.185182 -22.332313
-43.866156 -22.822380
-44.727038 -23.454907
-45.472274 -24.014288
-46.166126 -24.545057
-46.847125 -25.075415
-47.463862 -25.563844
-48.286187 -26.227202
-48.941482 -26.765814
-49.725275 -27.421798
-50.380570 -27.980149
-51.164363 -28.659957
-52.423543 -29.779680
-53.335809 -30.612428
-53.914015 -31.149702
-54.556457 -31.755356
-55.430191 -32.593871
-56.753633 -33.896864
-56.085486 -29.316092
-55.455896 -26.347136
-54.260953 -22.181103
-53.515692 -20.127312
-52.847570 -18.515540
-52.115161 -16.938419
-51.524129 -15.782355
-50.843129 -14.557179
-50.020804 -13.205910
-48.735894 -11.323726
-48.003511 -10.354812
-47.296832 -9.480813
-46.615833 -8.689137
-45.921981 -7.928561
-45.215302 -7.197296
-44.521450 -6.518168
-43.801919 -5.851176
-43.069535 -5.208114
-42.388536 -4.640154
-41.476270 -3.921049
-40.152828 -2.955016
-39.369035 -2.422100
-38.739445 -2.013500
-37.981357 -1.543157
-37.223268 -1.095136
-36.478032 -0.675219
-35.771353 -0.294792
-35.000413 0.101544
-34.370823 0.411450
-33.587030 0.780809
-32.751852 1.155276
-32.070853 1.446727
-31.364174 1.736573
-30.516144 2.068208
-29.886554 2.303479
-29.192703 2.552404
-28.434614 2.812430
-27.637994 3.072771
-27.034084 3.261654
-26.031876 3.559631
-25.363729 3.747957
-24.644198 3.941883
-23.988903 4.110742
-23.217962 4.300251
-22.421342 4.486032
-21.663254 4.653678
-20.879460 4.817948
-20.198461 4.953433
-19.350457 5.113034
-18.630900 5.240782
-17.949926 5.355385
-17.178985 5.477951
-16.485133 5.581927
-15.482926 5.721850
-14.827631 5.806976
-14.069543 5.899364
-13.414248 5.974093
-12.579071 6.062622
-11.820982 6.136638
-11.165688 6.195881
-10.433304 6.257022
-9.778009 6.307295
-8.968537 6.363757
-8.146212 6.414893
-7.465212 6.452610
-6.797065 6.485633
-6.064682 6.517397
-5.229504 6.548091
-4.522826 6.569567
-3.854679 6.589174
-3.083738 6.618051
-2.364207 6.651235
-1.580413 6.694290
-0.796646 6.744606
-0.064262 6.798244
0.603885 6.852803
2.068678 6.991401
2.839593 7.074932
3.636239 7.169011
4.432859 7.271045
5.242331 7.382949
5.833389 7.469939
6.578625 7.586024
7.323861 7.709309
8.274685 7.877153
8.891422 7.992403
9.572422 8.125542
10.343337 8.283769
11.075746 8.441539
11.846662 8.615510
12.617602 8.797666
13.337134 8.975119
14.056665 9.159819
14.917547 9.390409
15.714193 9.613201
16.369462 9.803294
17.204639 10.054604
17.949875 10.287463
19.491757 10.795342
20.249845 11.058103
20.930819 11.301556
21.804554 11.624302
22.498380 11.888973
23.256469 12.186716
24.091646 12.525173
24.734088 12.793034
25.556413 13.145509
26.481532 13.555066
27.804974 14.165218
28.473121 14.484224
30.092066 15.288133
31.544006 16.046915
32.250685 16.429347
33.754009 17.271883
34.499245 17.704336
35.090278 18.054352
35.835514 18.504644
36.670691 19.021251
37.428780 19.501225
38.186868 19.991811
38.893547 20.458768
39.561694 20.908889
40.486813 21.546091
41.090698 21.970855
41.797402 22.476864
42.658259 23.106361
44.071642 24.171481
44.739789 24.688818
45.395083 25.204916
46.178851 25.833618
46.949792 26.464272
47.669323 27.063919
48.453116 27.729367
49.108411 28.295601
49.943588 29.030427
50.624562 29.640582
51.305562 30.260730
52.050798 30.950890
52.796034 31.653186
53.541270 32.367721
54.196539 33.006191
54.890391 33.692737
55.751273 34.559668
56.380863 35.204368
55.507128 29.482261
54.916095 26.836450
54.260801 24.438083
53.477008 22.038762
52.192123 18.816810
51.549681 17.438628
50.881534 16.129834
50.072061 14.685082
49.455324 13.672002
48.684383 12.496735
48.054793 11.602820
47.309557 10.612029
46.602879 9.732616
45.806233 8.803794
45.099554 8.029804
44.444260 7.350183
43.737581 6.654928
42.966640 5.937403
42.247109 5.303216
41.553257 4.721677
40.808021 4.127569
39.985696 3.506069
38.559486 2.505501
37.852782 2.043058
37.184660 1.624661
36.285221 1.088580
35.668483 0.738041
35.013189 0.379991
34.242248 -0.023149
33.664068 -0.313233
32.854570 -0.702553
32.057950 -1.067411
31.402655 -1.354590
30.490389 -1.735838
29.835094 -1.996948
29.115563 -2.271911
28.460268 -2.512034
27.702180 -2.778054
27.072590 -2.989732
26.147471 -3.286146
25.479324 -3.489804
24.721236 -3.710701
24.053114 -3.896717
23.384967 -4.074888
22.601174 -4.274216
21.830259 -4.460414
21.046465 -4.640048
20.314082 -4.799376
19.620230 -4.942964
18.849315 -5.094361
18.052669 -5.242087
17.294606 -5.374683
16.575049 -5.493563
15.739872 -5.623275
15.046046 -5.724469
14.223721 -5.836917
13.555574 -5.922460
12.771780 -6.016341
11.988013 -6.103418
11.204219 -6.183886
10.587482 -6.242670
9.726600 -6.318221
9.084158 -6.369780
8.197596 -6.434341
7.452360 -6.482844
6.681419 -6.527620
6.013272 -6.562084
5.242331 -6.596958
4.471416 -6.626705
3.816121 -6.648051
3.006623 -6.671181
2.145767 -6.702125
1.541856 -6.728753
0.680974 -6.773791
-0.038557 -6.817872
-0.732384 -6.865979
-1.606118 -6.934454
-2.312797 -6.996332
-3.019501 -7.064072
-3.803269 -7.146113
-4.509973 -7.226376
-5.512181 -7.350525
-6.707124 -7.514560
-7.439508 -7.623806
-8.030566 -7.716846
-9.032773 -7.884647
-9.675216 -7.998917
-10.433304 -8.140559
-11.101451 -8.271551
-11.743893 -8.402987
-12.656160 -8.598946
-13.401396 -8.767219
-14.172336 -8.949122
-14.866188 -9.119704
-15.855544 -9.374297
-16.575075 -9.567928
-17.230369 -9.750538
-17.962753 -9.961761
-18.643752 -10.164973
-19.581724 -10.455711
-20.301255 -10.687339
-20.943697 -10.900519
-21.766047 -11.182241
-22.421342 -11.413904
-23.217962 -11.704175
-24.001755 -11.999115
-24.901169 -12.349100
-26.237463 -12.892135
-26.995552 -13.212602
-27.727935 -13.530827
-28.460319 -13.857607
-29.089909 -14.145418
-30.002175 -14.573870
-30.721732 -14.921436
-31.531204 -15.322679
-32.173647 -15.648918
-33.047381 -16.103780
-33.754060 -16.481178
-34.435059 -16.852981
-35.180295 -17.269066
-35.874147 -17.665193
-36.580826 -18.077374
-37.390299 -18.560437
-38.007061 -18.936400
-38.970737 -19.537650
-39.574622 -19.923089
-40.551151 -20.560654
-41.180741 -20.981150
-41.861740 -21.444397
-42.594124 -21.952442
-43.326507 -22.470781
-43.917565 -22.896669
-44.701333 -23.471936
-45.497979 -24.069062
-46.089037 -24.520245
-46.808568 -25.078960
-47.643745 -25.740618
-48.221951 -26.207041
-49.005744 -26.850313
-49.661039 -27.397928
-50.419102 -28.042669
-51.164363 -28.688387
-51.896747 -29.334515
-52.539189 -29.910822
-53.387219 -30.685315
-54.016808 -31.270530
-54.672103 -31.888971
-55.468749 -32.653749
-56.124043 -33.293565
-56.894984 -34.058819
-56.072634 -28.664908
-55.417339 -25.769249
-54.235248 -21.826007
-53.567101 -20.026130
-52.873250 -18.375563
-52.140866 -16.820132
-51.511276 -15.606461
-50.791745 -14.334816
-50.213539 -13.389105
-49.468303 -12.256284
-48.723067 -11.207875
-48.042068 -10.314404
-47.296832 -9.399147
-46.667217 -8.671576
-45.138213 -7.056364
-44.560007 -6.495126
-43.737682 -5.738408
-43.056683 -5.145775
-42.465625 -4.654559
-41.579063 -3.955169
-40.859507 -3.418214
-40.114271 -2.888998
-39.446149 -2.436358
-38.623799 -1.905764
-37.878563 -1.448689
-37.223268 -1.064362
-36.413796 -0.611067
-35.822738 -0.294312
-35.000413 0.127447
-34.255177 0.491571
-33.587030 0.804123
-32.739000 1.182804
-31.222823 1.812710
-30.606086 2.052661
-29.950791 2.297853
-29.154171 2.582903
-28.383230 2.845710
-27.650846 3.083963
-26.828496 3.338768
-26.096112 3.554808
-25.376581 3.757442
-24.489994 3.994510
-23.898962 4.145080
-23.140873 4.329766
-22.421342 4.496555
-21.740343 4.647028
-20.789519 4.845518
-19.401841 5.111966
-18.630900 5.248586
-17.859959 5.377378
-17.153280 5.488763
-16.395192 5.601360
-15.547162 5.719113
-14.930425 5.799461
-14.043838 5.907386
-13.285775 5.992770
-12.694717 6.055051
-11.808130 6.141603
-11.229950 6.193713
-10.330510 6.268157
-9.610979 6.322050
-8.955684 6.366865
-8.184744 6.414501
-7.516597 6.451436
-6.694272 6.491483
-5.949036 6.522739
-5.293741 6.546355
-4.535653 6.569260
-3.867531 6.589147
-3.045206 6.620626
-2.338502 6.653949
-1.606118 6.694649
-0.976528 6.734692
-0.192735 6.791128
0.629590 6.858255
1.439062 6.932323
2.068678 6.995460
2.903855 7.086739
3.649091 7.175494
4.381475 7.269491
5.190947 7.381261
5.820537 7.473960
6.514389 7.582012
7.336714 7.718136
8.056245 7.844480
8.865718 7.994764
9.521012 8.122793
10.202012 8.261933
11.062894 8.446782
11.859514 8.626821
12.514809 8.781452
13.401370 9.000128
14.030985 9.162095
14.866163 9.385565
15.688488 9.615289
16.343782 9.805297
17.166107 10.052531
18.026990 10.321938
18.746521 10.555490
19.427520 10.783625
20.224140 11.059317
21.007908 11.339928
21.830259 11.644431
22.511233 11.904467
23.230764 12.187050
24.117351 12.546396
24.849734 12.852613
25.530734 13.145021
26.365911 13.513816
27.021206 13.811100
27.856383 14.200178
28.537357 14.525939
29.244061 14.872172
29.989272 15.246350
30.657419 15.589824
31.505449 16.036744
32.237832 16.432683
33.047305 16.881142
33.728304 17.267322
34.396451 17.654179
35.270161 18.172064
35.874071 18.538048
36.670691 19.030935
37.415927 19.502534
38.238252 20.034810
38.906399 20.476557
39.613078 20.952897
40.294077 21.420868
41.244901 22.089069
41.938727 22.587654
42.671111 23.124100
43.364963 23.642020
44.045937 24.159579
44.842582 24.776780
45.703439 25.458074
47.065438 26.566772
47.746412 27.135410
48.504500 27.779785
49.198352 28.380118
49.917883 29.013420
50.650267 29.669368
51.382651 30.336845
52.153591 31.052026
52.796034 31.657927
53.502712 32.334916
54.183712 32.997799
55.070273 33.876342
55.969687 34.785786
57.113246 35.968812
57.819925 36.714989
58.513777 37.458960
59.271840 38.284728
59.939987 39.023849
60.633839 39.802702
61.327665 40.593127
62.098606 41.485118
62.805285 42.315544
63.486284 43.127461
64.154406 43.935239
64.745464 44.659172
65.542084 45.648842
66.313025 46.621996
66.929762 47.411485
67.674998 48.378599
68.330293 49.240958
69.126913 50.304501
69.795060 51.209487
70.463207 52.126394
71.272679 53.253341
71.850885 54.069197
72.660358 55.226729
73.508387 56.458770
74.716183 58.248066
75.589892 59.568027
76.913334 61.608859
77.658570 62.780263
79.174721 63.827355
80.523842 61.867414
81.217694 60.859418
82.027166 59.683453
82.682461 58.731471
83.427697 57.648826
84.185785 56.547510
84.853907 55.576894
85.868967 54.102261
86.472878 53.224927
87.102467 52.310288
87.950497 51.078309
89.518033 48.801065
90.211885 47.793069
90.944268 46.729096
91.715209 45.609108
92.331946 44.713140
91.162708 37.793632
90.571650 35.463936
89.967765 33.449465
88.785649 30.186317
88.104675 28.588636
86.652760 25.650314
85.997466 24.484525
85.355024 23.418769
84.018730 21.406174
83.389140 20.539137
82.669609 19.602848
82.065724 18.857674
81.230546 17.882144
80.600956 17.185207
79.804311 16.346366
79.213278 15.752659
78.352396 14.927936
77.620012 14.260875
76.309423 13.139047
75.641302 12.599677
74.998834 12.100132
74.099420 11.430331
73.495535 10.998821
72.814536 10.528758
72.082152 10.041808
71.491119 9.662193
70.707326 9.176250
69.936411 8.716780
69.242559 8.318136
68.625822 7.975114
67.674998 7.466160
66.955467 7.096303
66.261615 6.751543
65.477847 6.375566
64.784021 6.054166
63.948843 5.680934
63.306401 5.403585
62.638254 5.123803
61.893018 4.821798
61.186339 4.544873
60.286900 4.205220
59.670163 3.980322
58.989163 3.739295
58.115454 3.440921
57.511544 3.241590
56.792012 3.011229
56.033924 2.776668
55.301540 2.557751
53.811094 2.134641
53.130094 1.950931
52.449095 1.773027
51.613918 1.562551
50.162003 1.216111
49.301121 1.021921
48.632999 0.876766
47.900615 0.723078
47.155379 0.572379
46.384439 0.422361
45.574966 0.271116
44.816878 0.135145
44.123051 0.015392
43.172228 -0.141620
41.874491 -0.343079
41.142107 -0.450430
40.409724 -0.553333
39.664488 -0.653576
38.880694 -0.754251
38.161163 -0.842476
37.441632 -0.926768
36.645012 -1.015602
35.822661 -1.102463
35.154540 -1.169487
34.422156 -1.239381
33.766862 -1.298803
32.905979 -1.372488
32.173596 -1.431336
31.479744 -1.483895
30.657419 -1.542244
29.950740 -1.589033
29.154095 -1.638134
28.447416 -1.678516
27.715032 -1.717275
26.982649 -1.752944
26.070382 -1.793131
25.479324 -1.816701
24.644147 -1.846759
23.950320 -1.868885
23.333558 -1.886421
22.318497 -1.911204
21.688908 -1.927550
20.956524 -1.949934
20.211288 -1.976459
19.504609 -2.005136
18.720816 -2.040990
17.937048 -2.081137
17.076166 -2.130233
16.433724 -2.170311
15.482900 -2.235078
14.840458 -2.282554
14.133779 -2.338270
13.375691 -2.402142
12.489104 -2.482280
11.589690 -2.569632
10.369042 -2.698057
9.482480 -2.798551
8.865718 -2.872085
7.850657 -2.999645
7.272477 -3.075974
6.527241 -3.178326
5.756300 -3.288953
5.088153 -3.388769
4.265828 -3.516686
3.494888 -3.641741
2.813888 -3.756375
2.132914 -3.874952
1.361973 -4.014001
0.501091 -4.175366
-0.205588 -4.312681
-1.079322 -4.488571
-1.824558 -4.643991
-2.659736 -4.824137
-3.237916 -4.952580
-4.098798 -5.149538
-4.741240 -5.301014
-5.447944 -5.472124
-6.206033 -5.660943
-6.925564 -5.845253
-7.799273 -6.075797
-8.377479 -6.232472
-9.161272 -6.450129
-10.009302 -6.692529
-10.664596 -6.884807
-11.422685 -7.112705
-12.103659 -7.322464
-13.080187 -7.631683
-13.786866 -7.861712
-14.480718 -8.092735
-15.238806 -8.351062
-15.945485 -8.597490
-16.844899 -8.919060
-17.474514 -9.149510
-18.219750 -9.428028
-19.029223 -9.737688
-19.710222 -10.004019
-20.571079 -10.348385
-21.239226 -10.621648
-21.971610 -10.927261
-22.626904 -11.206149
-23.513491 -11.591749
-24.374373 -11.975385
-25.055347 -12.285359
-25.710642 -12.589135
-27.393849 -13.394481
-28.113406 -13.749939
-28.845789 -14.118721
-29.501084 -14.454726
-30.426203 -14.938913
-31.055793 -15.275083
-31.762497 -15.658926
-32.584822 -16.114319
-33.381442 -16.564563
-34.049589 -16.949174
-34.743441 -17.355400
-35.565766 -17.845943
-36.311002 -18.299131
-36.914912 -18.672469
-37.878563 -19.279634
-38.508178 -19.684021
-39.330503 -20.221452
-40.062887 -20.709051
-41.501974 -21.692128
-42.195801 -22.178117
-42.992446 -22.745930
-43.647741 -23.220947
-44.482918 -23.836900
-45.189597 -24.367430
-45.909154 -24.916544
-46.641537 -25.484804
-47.258275 -25.970743
-48.003511 -26.567081
-48.748747 -27.173560
-49.429746 -27.736746
-50.213539 -28.395700
-50.907366 -28.988751
-51.626922 -29.613580
-52.372158 -30.271349
-53.014601 -30.847192
-53.862630 -31.619965
-54.453688 -32.167198
-55.198924 -32.867415
-55.957013 -33.591580
-56.663692 -34.277570
-57.408928 -35.012580
-58.141311 -35.746670
-58.758074 -36.374032
-59.528989 -37.170136
-60.274251 -37.952539
-61.058019 -38.789137
-61.854664 -39.654171
-63.190958 -41.139091
-64.038988 -42.103924
-64.758519 -42.936522
-66.030551 -44.440414
-66.737255 -45.293913
-67.546728 -46.287617
-68.394758 -47.347388
-69.641110 -48.940452
-70.463435 -50.015164
-71.144435 -50.919681
-71.889671 -51.924826
-72.609227 -52.910756
-73.200260 -53.732089
-73.996906 -54.855833
-74.703584 -55.868953
-75.513082 -57.048620
-76.245466 -58.133824
-76.964997 -59.216846
-77.800200 -60.495309
-78.468322 -61.534805
-79.239262 -62.753152
-79.856025 -62.837588
-80.704055 -61.605609
-81.385054 -60.616284
-82.323026 -59.253642
-82.939763 -58.357675
-83.723556 -57.219016
-84.481645 -56.117700
-85.188323 -55.091069
-85.972117 -53.952410
-86.743057 -52.832423
-87.552530 -51.656458
-88.233529 -50.667133
-89.325704 -49.080472
-89.916737 -48.221847
-90.790471 -46.952525
-91.754147 -45.552541
-92.396589 -44.619230
-93.308856 -43.293931
-94.054117 -42.211249
-94.747944 -41.203290
-94.118354 -37.266982
-93.488764 -34.694634
-92.782060 -32.453586
-92.126765 -30.726070
-90.726235 -27.711306
-90.032383 -26.448416
-89.325704 -25.275522
-88.670384 -24.272025
-87.835207 -23.090921
-87.218469 -22.278868
-86.550322 -21.449066
-85.843618 -20.621378
-85.239733 -19.950485
-84.417383 -19.085038
-83.672147 -18.343856
-83.016852 -17.722690
-82.297321 -17.070693
-81.603469 -16.469359
-80.781144 -15.788639
-80.164381 -15.299127
-79.470555 -14.768467
-78.686762 -14.192785
-77.967230 -13.685026
-77.234847 -13.187235
-76.425349 -12.657959
-75.808611 -12.268604
-75.089055 -11.828671
-74.151084 -11.277058
-73.470084 -10.891193
-72.776258 -10.510030
-72.120963 -10.160620
-71.182992 -9.677483
-70.527697 -9.351260
-69.718199 -8.960480
-69.050052 -8.647672
-68.369078 -8.337536
-67.341140 -7.885234
-66.017724 -7.329463
-65.259636 -7.023828
-63.666370 -6.409829
-63.023902 -6.172581
-62.252987 -5.895369
-61.482046 -5.626021
-60.685401 -5.355671
-60.068663 -5.151763
-59.246338 -4.886961
-58.501077 -4.653746
-57.781546 -4.434495
-56.882132 -4.168339
-55.558690 -3.792053
-54.826306 -3.591375
-53.335809 -3.198852
-52.603425 -3.013499
-51.909599 -2.842315
-51.112953 -2.650915
-50.496216 -2.506429
-49.661039 -2.315769
-48.787304 -2.122301
-48.132009 -1.981120
-47.502420 -1.848564
-46.577275 -1.659142
-45.960538 -1.536328
-45.163918 -1.381691
-44.508598 -1.257790
-43.789067 -1.125111
-42.928184 -0.970888
-42.272890 -0.856723
-41.501974 -0.725908
-40.718181 -0.596696
-39.908709 -0.467170
-39.189152 -0.355304
-38.533857 -0.256053
-37.724385 -0.136835
-36.914912 -0.021283
-36.118267 0.088936
-35.450120 0.178753
-34.769120 0.267879
-33.908263 0.377117
-32.443471 0.554417
-31.608293 0.650800
-30.991556 0.719833
-30.182083 0.807727
-29.462527 0.883319
-28.665907 0.964271
-27.946350 1.034964
-27.175435 1.108190
-26.404494 1.178866
-25.633553 1.247032
-24.875465 1.311658
-24.065992 1.378078
-23.372140 1.432920
-22.472726 1.501188
-21.740343 1.554464
-21.085048 1.600400
-20.352664 1.649834
-19.594576 1.698914
-18.836488 1.745904
-18.001310 1.795290
-17.294631 1.835158
-16.536543 1.876001
-15.945485 1.906480
-15.097455 1.948153
-14.300835 1.985124
-13.465658 2.021657
-12.681864 2.053901
-11.910924 2.083717
-11.140008 2.111676
-10.433304 2.135700
-9.700920 2.158996
-8.955684 2.181053
-8.210448 2.201469
-7.413828 2.221503
-6.707124 2.237757
-6.000445 2.254009
-5.255209 2.272311
-4.535653 2.291127
-3.777590 2.312179
-3.032354 2.334119
-2.274265 2.357717
-1.606118 2.379595
-0.873735 2.404754
0.012852 2.436875
0.706679 2.463300
1.374826 2.489827
2.042973 2.517425
3.045181 2.560855
3.790417 2.594750
4.574210 2.631893
5.319446 2.668645
6.681419 2.739488
7.452360 2.781727
8.159039 2.821824
9.032773 2.873246
10.446131 2.960824
11.255629 3.013473
12.065102 3.067964
12.694691 3.111637
13.606958 3.176951
14.352194 3.232113
15.123135 3.290913
15.855518 3.348428
16.819194 3.426599
17.410227 3.475963
18.206872 3.544234
19.042050 3.617973
19.774433 3.684487
20.429728 3.745486
21.277758 3.826538
21.945879 3.892096
22.806762 3.978812
23.577702 4.058644
24.310086 4.136417
24.991060 4.210444
25.787706 4.299171
26.507237 4.381309
27.303857 4.474493
28.036266 4.562281
28.820034 4.658505
29.501033 4.744053
30.207712 4.834764
31.042889 4.944553
31.788125 5.044920
32.597598 5.156546
33.329982 5.259921
34.100922 5.371220
35.013189 5.506268
36.285221 5.700763
36.979073 5.809957
37.711456 5.927639
38.572338 6.069209
39.253312 6.183717
40.101342 6.329491
40.782342 6.449146
41.463316 6.571149
42.311345 6.726426
43.030877 6.861138
43.840375 7.016009
44.508496 7.146526
45.510729 7.346973
46.885555 7.631279
47.579382 7.778970
48.324618 7.940829
49.211179 8.137825
50.688799 8.477184
51.459740 8.659876
52.115034 8.818282
52.924507 9.017999
53.772537 9.232129
54.427831 9.401104
55.237304 9.614158
56.072481 9.839103
56.676392 10.005075
57.601485 10.264849
58.205395 10.438124
59.785809 10.905842
60.453956 11.109980
61.263428 11.362567
62.034344 11.608628
62.676786 11.817891
63.473432 12.082834
64.270052 12.353964
65.002435 12.608850
65.734819 12.869271
66.480055 13.140098
67.238143 13.421811
67.944822 13.690224
68.882793 14.055416
70.309003 14.631032
70.990003 14.914903
70.026352 12.053401
69.268264 10.956489
68.574412 10.176529
67.816349 9.464188
67.173907 8.938304
66.364409 8.349623
65.683435 7.903965
64.989583 7.487145
64.257199 7.081042
63.679019 6.781399
62.843842 6.376593
62.008664 6.000458
61.314813 5.706933
60.556724 5.403620
59.888603 5.149839
58.989163 4.826169
57.691452 4.391341
56.946216 4.156896
56.136718 3.913576
55.352950 3.688361
54.684803 3.503844
53.926715 3.302257
53.168652 3.108406
52.320622 2.900105
51.678180 2.747952
50.855855 2.559878
50.251944 2.426290
49.506708 2.266451
48.620147 2.083137
47.926295 1.944580
47.129675 1.790542
46.371586 1.648722
45.562114 1.502174
44.932524 1.391527
44.161583 1.259842
43.403495 1.134272
42.735373 1.026694
41.835934 0.886256
41.180639 0.786984
40.499665 0.686439
39.690192 0.570267
38.829310 0.450553
38.058369 0.346573
37.403075 0.260504
36.645012 0.163500
35.861219 0.066001
34.486393 -0.098436
33.741157 -0.184208
32.995921 -0.267709
32.224980 -0.351774
30.747360 -0.506566
29.950740 -0.586700
29.295446 -0.650940
28.498825 -0.727050
26.995501 -0.864957
26.301649 -0.926172
25.543561 -0.991357
24.772645 -1.055872
24.117351 -1.109339
23.295026 -1.174695
22.626879 -1.226405
21.830259 -1.286466
20.982229 -1.348546
20.365466 -1.392522
19.645935 -1.442602
18.836462 -1.497403
18.014137 -1.551444
17.076166 -1.611127
15.778429 -1.690366
15.007488 -1.735657
14.249400 -1.778930
13.452780 -1.823083
12.681839 -1.864552
11.910924 -1.904806
11.255629 -1.938086
10.407599 -1.979903
9.636658 -2.016716
8.891422 -2.051235
8.146186 -2.084727
7.336714 -2.119961
6.398743 -2.159331
5.229479 -2.206269
4.368622 -2.239343
3.661918 -2.265574
2.711120 -2.299583
2.004416 -2.323925
1.413383 -2.343680
0.565353 -2.371081
-0.925119 -2.416604
-1.721764 -2.439589
-2.454148 -2.459910
-3.096590 -2.477107
-4.060266 -2.501819
-4.741240 -2.518509
-5.486476 -2.536055
-6.218860 -2.552580
-7.812126 -2.590917
-8.467420 -2.608397
-9.212656 -2.629508
-9.880803 -2.649564
-10.536098 -2.670282
-11.448364 -2.700873
-12.180748 -2.726924
-13.028778 -2.758773
-13.709777 -2.785673
-14.416456 -2.814853
-15.251633 -2.851019
-16.112515 -2.890231
-16.780662 -2.922035
-18.296839 -2.998732
-19.054928 -3.039478
-19.735902 -3.077467
-20.545400 -3.124356
-21.290636 -3.169209
-22.048724 -3.216517
-22.819639 -3.266389
-23.603433 -3.318944
-24.322964 -3.368856
-25.183846 -3.430702
-25.890525 -3.483227
-26.635761 -3.540360
-27.445259 -3.604478
-28.190495 -3.665428
-28.820085 -3.718378
-29.745203 -3.798641
-30.439055 -3.860790
-31.171439 -3.928233
-32.058000 -4.012447
-32.674763 -4.072721
-33.535645 -4.159207
-34.255177 -4.233631
-34.871914 -4.298996
-35.771353 -4.396970
-36.490885 -4.477645
-37.223268 -4.561895
-38.032766 -4.657564
-38.765150 -4.746464
-39.536091 -4.842494
-40.268474 -4.936087
-41.000858 -5.032026
-41.797478 -5.139091
-42.619828 -5.252633
-43.390744 -5.361913
-43.981802 -5.447591
-44.727038 -5.558001
-45.613625 -5.692880
-46.230362 -5.789009
-46.975598 -5.907735
-47.695155 -6.025086
-48.466070 -6.153830
-49.069981 -6.256906
-49.776659 -6.380045
-50.714631 -6.547774
-51.421335 -6.677449
-52.166571 -6.817333
-52.834718 -6.945542
-53.682748 -7.112154
-54.440836 -7.264857
-55.121810 -7.405120
-55.957013 -7.581239
-56.676544 -7.736658
-57.447485 -7.907062
-58.205573 -8.078632
-58.963662 -8.254269
-59.670340 -8.421743
-60.299930 -8.574063
-61.147960 -8.783982
-61.906048 -8.976365
-62.625605 -9.163208
-63.383693 -9.364634
-64.141756 -9.570871
-64.822756 -9.760357
-65.606549 -9.983513
-66.300401 -10.185707
-67.251199 -10.470073
-67.880814 -10.663155
-68.626050 -10.896758
-69.332729 -11.123482
-70.232168 -11.419613
-71.067346 -11.702421
-71.735493 -11.934281
-71.041641 -9.921670
-69.975197 -8.570346
-68.793081 -7.556952
-68.034992 -7.033355
-67.353993 -6.617582
-66.403169 -6.101429
-65.054048 -5.464712
-64.373049 -5.176305
-62.869724 -4.600473
-62.085931 -4.327881
-61.327843 -4.079409
-60.672548 -3.875396
-59.734577 -3.598945
-59.040751 -3.405125
-58.398308 -3.233028
-57.524574 -3.009416
-56.869279 -2.849003
-56.111191 -2.670630
-55.288866 -2.485257
-54.633571 -2.343172
-53.978277 -2.205772
-53.168779 -2.042122
-52.359306 -1.884789
-51.588365 -1.740450
-50.868834 -1.610304
-50.085041 -1.473279
-49.416894 -1.360180
-48.620274 -1.229569
-47.887865 -1.113355
-47.194038 -1.006522
-46.435950 -0.893257
-45.780655 -0.798140
-44.958330 -0.682281
-44.213094 -0.580509
-43.622036 -0.501886
-42.761154 -0.390554
-42.093007 -0.306652
-41.322066 -0.212456
-40.564003 -0.122464
-39.831594 -0.037904
-38.855091 0.071332
-37.557354 0.210590
-36.773561 0.291577
-36.092562 0.360113
-35.283089 0.439436
-34.537853 0.510471
-33.766912 0.582011
-32.995972 0.651632
-32.366382 0.707105
-31.569762 0.775566
-30.798821 0.840031
-29.963643 0.907941
-29.359733 0.955833
-28.486024 1.023366
-27.727935 1.080328
-27.046936 1.130236
-26.288848 1.184427
-25.492227 1.239858
-24.605640 1.299774
-23.988903 1.340379
-23.166578 1.393183
-22.459874 1.437368
-21.676106 1.485113
-20.969402 1.527054
-20.301255 1.565760
-19.478930 1.612163
-18.618048 1.659316
-17.924221 1.696281
-17.127576 1.737609
-16.395192 1.774573
-15.637104 1.811817
-14.968957 1.843801
-13.979601 1.889747
-12.669012 1.948079
-11.820982 1.984328
-11.088599 2.014712
-10.304831 2.046301
-9.585274 2.074474
-8.840038 2.102833
-8.210448 2.126152
-7.413828 2.154834
-6.565798 2.184375
-5.884799 2.207370
-5.203800 2.229730
-4.214444 2.261100
-3.559150 2.281165
-2.865298 2.301803
-2.107235 2.323648
-1.336294 2.345123
-0.539648 2.366543
0.154178 2.384570
0.873709 2.402658
1.606093 2.420443
2.377034 2.438494
3.880358 2.472870
4.638446 2.492032
5.293741 2.509893
6.128918 2.534421
6.732803 2.553402
7.542301 2.580505
8.454568 2.613356
9.097010 2.637977
9.996424 2.674537
10.651719 2.702730
11.409807 2.737001
12.180748 2.773699
12.913131 2.810307
13.722604 2.852774
14.429283 2.891591
15.328722 2.943380
16.061106 2.987549
16.703548 3.027791
17.718608 3.094265
18.386755 3.139982
19.119139 3.191907
19.941464 3.252501
20.532522 3.297571
21.547582 3.377977
22.215704 3.433003
22.845319 3.486407
23.667644 3.558452
24.502821 3.634323
25.222352 3.701902
25.954736 3.772825
26.699972 3.847237
27.470913 3.926633
28.293238 4.014073
28.999917 4.091520
29.770857 4.178478
30.477536 4.260483
31.184240 4.344720
32.045097 4.450391
32.803186 4.546274
33.509864 4.638079
34.267953 4.739204
34.987484 4.837756
35.681336 4.935197
36.580750 5.065084
37.236044 5.162303
37.929896 5.267659
38.855015 5.412062
39.484605 5.512949
40.281225 5.643692
41.052166 5.773562
41.720313 5.888822
42.748200 6.071143
43.994553 6.300543
44.791173 6.452069
45.677760 6.625313
46.358734 6.761738
47.014028 6.895827
47.836353 7.068064
48.645851 7.242015
50.123471 7.571107
50.791593 7.724948
51.691032 7.937146
52.320622 8.089228
53.271420 8.324569
53.926715 8.490820
54.646271 8.677271
55.404334 8.878202
56.085334 9.062730
57.023305 9.323271
57.704279 9.517168
58.436662 9.730263
59.156219 9.944330
59.965692 10.190855
60.595281 10.386872
61.417606 10.648666
62.214227 10.908666
62.843842 11.118721
63.820345 11.452691
64.398550 11.655252
65.118082 11.912452
65.940407 12.213540
66.544292 12.439626
67.482263 12.799394
68.124705 13.052015
69.024119 13.414430
69.666561 13.679725
70.578853 14.065956
71.157033 14.316675
70.180530 11.524191
69.191175 10.209492
67.854881 8.950029
67.161054 8.418445
66.467203 7.942292
65.580641 7.396128
64.963904 7.049351
64.270052 6.686114
63.511963 6.317064
62.805285 5.995575
62.098606 5.693052
61.327665 5.382093
60.505340 5.069830
59.837193 4.829317
58.847838 4.492598
57.614337 4.101551
56.830570 3.867819
55.237304 3.423693
54.620566 3.261871
53.836773 3.063609
53.040153 2.870045
51.588238 2.536168
50.753061 2.354299
50.007825 2.197825
49.301121 2.054228
48.491648 1.895177
47.849206 1.772872
47.014028 1.618815
46.243113 1.481335
45.626350 1.374464
44.624142 1.206437
44.045937 1.112537
43.287874 0.992650
42.594022 0.886005
41.861638 0.776514
41.013609 0.653528
40.332635 0.557603
39.548841 0.450202
38.957783 0.371268
38.045517 0.252787
37.313133 0.160507
36.683544 0.083132
35.771277 -0.025888
35.128835 -0.100534
34.139480 -0.212171
32.944537 -0.341849
32.083654 -0.431919
31.402655 -0.501251
30.451831 -0.595309
29.192652 -0.715125
28.383179 -0.789399
27.689327 -0.851409
26.867002 -0.922975
26.108914 -0.987148
25.376530 -1.047548
24.695556 -1.102334
23.796117 -1.172716
23.140822 -1.222610
22.524085 -1.268528
21.688908 -1.329137
20.995081 -1.378143
20.236993 -1.430324
19.299022 -1.492965
18.656579 -1.534672
17.988432 -1.577036
17.127550 -1.630134
16.420871 -1.672496
15.624251 -1.718955
14.891842 -1.760484
14.133779 -1.802296
13.362838 -1.843623
12.591898 -1.883767
11.885219 -1.919548
11.101426 -1.958118
10.381894 -1.992513
9.508160 -2.033000
8.852865 -2.062464
8.056245 -2.097260
7.375246 -2.126133
6.398743 -2.166159
5.782005 -2.190619
5.139538 -2.215436
4.342917 -2.245283
3.597681 -2.272293
2.659710 -2.305063
1.965884 -2.328438
1.323442 -2.349438
0.501091 -2.375429
-0.128499 -2.394664
-1.079322 -2.422640
-1.824558 -2.443680
-2.505532 -2.462236
-3.225089 -2.481158
-4.060266 -2.502252
-4.728388 -2.518466
-5.537886 -2.537335
-6.244565 -2.553186
-6.912712 -2.568767
-7.979156 -2.595767
-9.289745 -2.632597
-9.983597 -2.653752
-10.870159 -2.682478
-11.615395 -2.708115
-12.322099 -2.733700
-13.182981 -2.766566
-14.532102 -2.821884
-15.315895 -2.856198
-16.035426 -2.889129
-16.883456 -2.929724
-17.564456 -2.963739
-18.463870 -3.010622
-19.209106 -3.051183
-19.851548 -3.087412
-20.583931 -3.130159
-21.277783 -3.172096
-22.241459 -3.232699
-22.883901 -3.274644
-23.706226 -3.330166
-24.438610 -3.381369
-25.209551 -3.437081
-25.967639 -3.493703
-26.777112 -3.556208
-27.496643 -3.613567
-28.306141 -3.680154
-29.102761 -3.747839
-29.758056 -3.805146
-30.567528 -3.877999
-31.325617 -3.948325
-32.045173 -4.016983
-32.726147 -4.083697
-33.561325 -4.167860
-34.280881 -4.242473
-34.987560 -4.317676
-35.912679 -4.419057
-36.632236 -4.500250
-37.364619 -4.585029
-38.174092 -4.681283
-38.906475 -4.770721
-39.536091 -4.849421
-40.396947 -4.959787
-41.142183 -5.057950
-41.925977 -5.163864
-42.581271 -5.254554
-43.313655 -5.358259
-44.084596 -5.470146
-44.829832 -5.581007
-45.613625 -5.700525
-46.268919 -5.802792
-47.206891 -5.952960
-48.504627 -6.168262
-49.365510 -6.316046
-50.033657 -6.433538
-50.778893 -6.567527
-51.549808 -6.709460
-52.269365 -6.845055
-52.988896 -6.983717
-53.914015 -7.166613
-54.556457 -7.296745
-55.327398 -7.456361
-56.059781 -7.611558
-56.702249 -7.750623
-57.588810 -7.947110
-58.282662 -8.104681
-59.002193 -8.271688
-59.798839 -8.460973
-60.454134 -8.620204
-61.173665 -8.798802
-61.970310 -9.001239
-62.728373 -9.198574
-63.409373 -9.379857
-64.462990 -9.668025
-65.760727 -10.036269
-66.416022 -10.228000
-67.302609 -10.493802
-68.150638 -10.755135
-69.448375 -11.169004
-70.283553 -11.444634
-71.748345 -11.946466
-70.848906 -9.610708
-69.564021 -8.179662
-68.767376 -7.537045
-68.124934 -7.091576
-67.405402 -6.647787
-66.570225 -6.188207
-65.850668 -5.829842
-65.105432 -5.488399
-64.450138 -5.209223
-62.959666 -4.634238
-62.163020 -4.355364
-61.327843 -4.080842
-60.595459 -3.853446
-59.837371 -3.629841
-59.066430 -3.413572
-58.398308 -3.234438
-57.614515 -3.033295
-56.907811 -2.859635
-56.059781 -2.660131
-55.340250 -2.497907
-54.684955 -2.355415
-53.914015 -2.193779
-53.297277 -2.068878
-52.397838 -1.893309
-51.626922 -1.748678
-50.907366 -1.618263
-50.264924 -1.505369
-49.352657 -1.350502
-48.645953 -1.234697
-47.952127 -1.124363
-47.206891 -1.009393
-46.346008 -0.880931
-45.048272 -0.695589
-44.225947 -0.583023
-43.557800 -0.494204
-42.825391 -0.399457
-42.080155 -0.305751
-41.322066 -0.213117
-40.525446 -0.118584
-39.805915 -0.035581
-39.086358 0.045242
-38.315443 0.129497
-37.518797 0.214112
-36.722177 0.296320
-36.131119 0.355810
-35.231705 0.443957
-34.602090 0.504006
-33.715528 0.586322
-32.983145 0.652408
-32.404939 0.703394
-31.479820 0.782854
-30.798821 0.839727
-30.027880 0.902504
-29.231260 0.965629
-28.653054 1.010365
-27.727935 1.080101
-26.892758 1.141165
-26.224611 1.188760
-25.453670 1.242325
-24.849785 1.283294
-23.963198 1.341906
-23.140873 1.394677
-22.459874 1.437248
-21.714638 1.482689
-20.828076 1.535224
-20.237018 1.569349
-19.427546 1.614945
-18.630900 1.658560
-17.911369 1.696904
-17.114723 1.738222
-16.408044 1.773897
-15.624251 1.812412
-14.724837 1.855275
-13.375716 1.916970
-12.579071 1.951977
-11.808130 1.984872
-11.127156 2.013141
-10.317658 2.045803
-9.610979 2.073496
-8.788654 2.104775
-8.120507 2.129456
-7.362419 2.156676
-6.591478 2.183519
-5.820562 2.209531
-5.101006 2.233074
-4.407179 2.255115
-3.584854 2.280413
-2.826766 2.302954
-2.145767 2.322577
-1.310589 2.345846
-0.642442 2.363840
0.102794 2.383270
0.925119 2.403938
1.541856 2.418917
2.428443 2.439677
3.045181 2.453590
4.047388 2.476969
4.728388 2.494436
5.357978 2.511742
6.090361 2.533289
6.874154 2.558052
7.683627 2.585499
8.467420 2.613913
9.199804 2.642118
10.883011 2.713105
12.193575 2.774451
13.041605 2.817042
13.722604 2.852917
14.532077 2.897527
15.315870 2.942783
16.112490 2.990887
16.870578 3.038665
17.744313 3.096185
18.412435 3.141967
19.196228 3.197689
20.018553 3.258521
21.611819 3.383424
22.267113 3.437543
23.025202 3.502187
23.796117 3.570195
24.502821 3.634578
25.260910 3.705844
26.006120 3.778151
26.738529 3.851423
27.509445 3.930946
28.151887 3.999123
29.115563 4.104690
29.835094 4.186137
30.541773 4.268348
31.364123 4.366827
32.045097 4.450700
32.880275 4.556488
33.509864 4.638396
34.280805 4.741264
35.077425 4.850577
35.822661 4.955665
36.542218 5.059767
37.274602 5.168425
38.019838 5.281835
38.777901 5.400189
39.548841 5.523703
40.332635 5.652590
41.116402 5.784876
41.797402 5.902628
42.735373 6.069174
43.403495 6.190945
44.084494 6.317802
44.855435 6.464806
45.600671 6.610398
46.358734 6.762082
47.091117 6.912127
47.926295 7.087515
48.684383 7.250745
49.365383 7.400712
50.226239 7.594898
50.894386 7.749234
51.716711 7.943620
52.500505 8.133551
53.232888 8.315218
53.965272 8.501024
54.761892 8.707929
55.532833 8.913034
56.252364 9.108883
57.036157 9.327190
57.845630 9.558214
58.526604 9.757047
59.246160 9.971698
59.991396 10.199055
60.775164 10.443837
61.558957 10.694590
62.342725 10.951451
63.075109 11.197143
63.858902 11.466312
65.246555 11.959191
65.991791 12.232807
66.904057 12.576547
67.533672 12.819593
68.227499 13.093074
69.191175 13.483036
69.782207 13.728195
70.553148 14.055036
71.349768 14.401403
71.966506 14.675771
72.814536 15.062169
73.521240 15.392506
74.253623 15.743108
75.050244 16.134328
75.731243 16.477194
76.502158 16.875033
77.337336 17.318090
78.121129 17.745736
78.737866 18.090602
79.470250 18.510056
80.305427 19.002032
81.860136 19.958818
82.515431 20.378974
83.222109 20.843930
84.070139 21.418846
84.674024 21.840024
85.560611 22.477007
86.395763 23.098350
87.012526 23.571190
87.732057 24.138587
88.657176 24.894426
89.299618 25.437736
90.173327 26.202410
90.892859 26.855812
91.740888 27.655247
92.511829 28.411472
93.218508 29.131083
94.002301 29.960948
94.811774 30.855780
95.621246 31.792323
96.366482 32.694742
97.163103 33.706048
97.844102 34.612446
98.704959 35.454720
100.233988 33.233416
100.992051 32.132137
101.814376 30.937501
102.405434 30.078839
103.459026 28.548228
104.808172 26.588250
105.656177 25.356308
106.427118 24.236321
107.223738 23.079027
107.930442 22.052360
108.611416 21.063072
109.343800 19.999099
110.217534 18.729777
110.821419 17.852480
111.630892 16.676516
112.401833 15.556528
113.018570 14.660560
113.905132 13.372604
112.710189 10.802212
112.080599 10.146487
111.271126 9.470904
110.654389 9.034340
109.896300 8.560884
109.189622 8.166579
108.405828 7.770183
107.789091 7.482828
107.133796 7.197312
106.311471 6.863582
105.681882 6.624014
104.705379 6.275905
104.101468 6.073187
103.369085 5.838732
102.623874 5.611739
101.737287 5.355316
101.017756 5.157056
100.336756 4.976821
99.681487 4.809684
98.756368 4.583396
98.023985 4.411676
97.330133 4.254595
96.572070 4.088803
95.929628 3.952771
95.132982 3.789442
94.272125 3.619205
93.616831 3.493717
92.781653 3.338622
92.087802 3.213681
91.406828 3.094334
90.468856 2.934986
89.864971 2.835337
89.055473 2.705198
88.284558 2.584761
87.603559 2.481085
86.845496 2.368546
86.061702 2.255232
85.277935 2.144888
84.506994 2.039125
83.530491 1.908942
82.284138 1.748616
81.526050 1.654146
80.767987 1.561883
79.881400 1.456673
79.277515 1.386619
78.519426 1.300460
77.787043 1.219051
77.183158 1.153238
76.270891 1.055997
75.487098 0.974481
74.806124 0.905134
74.048036 0.829500
73.328505 0.759199
72.583269 0.687869
71.709534 0.606106
71.067092 0.547236
70.270472 0.475670
69.332500 0.393378
67.957675 0.276482
67.173907 0.211753
66.505760 0.157636
65.619173 0.087297
64.886789 0.030428
64.167258 -0.024381
63.460579 -0.077210
62.522608 -0.145833
61.212019 -0.238941
60.364014 -0.297514
58.873542 -0.397391
58.205395 -0.440927
57.473012 -0.487794
56.637834 -0.540169
55.956835 -0.582048
55.198772 -0.627811
54.325037 -0.679461
53.669743 -0.717443
52.834565 -0.764933
52.076477 -0.807164
51.254152 -0.852051
50.586030 -0.887827
49.725148 -0.933026
49.082706 -0.966108
48.337470 -1.003801
47.489440 -1.045818
46.769909 -1.080751
45.934732 -1.120488
45.266585 -1.151661
44.521349 -1.185795
43.660492 -1.224405
42.953788 -1.255455
42.285641 -1.284284
41.386227 -1.322297
40.743784 -1.348899
39.908607 -1.382807
39.124839 -1.413947
38.430987 -1.440972
37.660072 -1.470412
36.863426 -1.500193
36.092486 -1.528405
35.372954 -1.554202
34.666276 -1.579045
33.908187 -1.605160
33.111567 -1.632013
32.379183 -1.656177
31.633947 -1.680256
30.747360 -1.708245
30.066386 -1.729264
29.398239 -1.749489
28.563062 -1.774223
27.920620 -1.792841
26.918412 -1.821186
26.327354 -1.837509
25.620675 -1.856647
24.824030 -1.877733
24.053114 -1.897653
23.282173 -1.917103
22.588322 -1.934210
21.843086 -1.952170
20.995081 -1.972092
20.249845 -1.989152
19.530289 -2.005234
18.797905 -2.021212
18.001285 -2.038150
17.230344 -2.054110
16.305225 -2.072708
15.688488 -2.084775
14.917547 -2.099825
14.172311 -2.115124
13.465632 -2.130359
12.566193 -2.150786
11.833809 -2.168285
11.088573 -2.186898
10.458983 -2.203262
9.662363 -2.224817
8.788629 -2.249560
8.081950 -2.270424
7.195363 -2.297691
6.540068 -2.318633
5.782005 -2.343704
5.062449 -2.368349
4.342917 -2.393828
3.482035 -2.425419
2.685415 -2.455740
1.978711 -2.483525
1.246327 -2.513207
0.411150 -2.548170
-0.334086 -2.580384
-1.914500 -2.651918
-2.621178 -2.685342
-3.302178 -2.718405
-4.034561 -2.754908
-4.651299 -2.786414
-5.602122 -2.836380
-6.347358 -2.876736
-7.079742 -2.917433
-7.799273 -2.958428
-8.557362 -3.002717
-9.302598 -3.047367
-10.034981 -3.092335
-10.767390 -3.138394
-11.525453 -3.187230
-12.412040 -3.245866
-13.144424 -3.295556
-13.953896 -3.351815
-14.699132 -3.404867
-15.444368 -3.459141
-16.189604 -3.514653
-16.896309 -3.568452
-17.654397 -3.627434
-18.335371 -3.681551
-19.247663 -3.755758
-19.915784 -3.811361
-20.802371 -3.886812
-21.444814 -3.942689
-22.125813 -4.003039
-23.050932 -4.086894
-23.719079 -4.148817
-24.528551 -4.225389
-25.273787 -4.297409
-26.121817 -4.381169
-26.879906 -4.457698
-27.612289 -4.533136
-28.383230 -4.614167
-29.154171 -4.696886
-29.835145 -4.771377
-30.670322 -4.864592
-31.402706 -4.948041
-32.199351 -5.040653
-32.906030 -5.124439
-33.831174 -5.236485
-34.435059 -5.311089
-35.206000 -5.408042
-35.899827 -5.496962
-36.670767 -5.597647
-37.403151 -5.695162
-38.264033 -5.812150
-38.983564 -5.911924
-39.677416 -6.009889
-40.538298 -6.133869
-41.193593 -6.230079
-42.093007 -6.364765
-42.774006 -6.468810
-43.429301 -6.570639
-44.380125 -6.721432
-45.716419 -6.939595
-46.577275 -7.084102
-47.939274 -7.319275
-48.735894 -7.460642
-49.493983 -7.597854
-50.997307 -7.877912
-51.665454 -8.005872
-52.423543 -8.153730
-53.258720 -8.319983
-53.952572 -8.460843
-54.710660 -8.617650
-55.494428 -8.783029
-56.149723 -8.923902
-56.972073 -9.104120
-57.794398 -9.288242
-58.372604 -9.420101
-59.246338 -9.623202
-59.953017 -9.790937
-60.878136 -10.015335
-61.520578 -10.174462
-62.227282 -10.352707
-62.959666 -10.541053
-63.781991 -10.757044
-64.475843 -10.943105
-65.413814 -11.200346
-66.775787 -11.586018
-67.456787 -11.784459
-68.291964 -12.033118
-68.998668 -12.248216
-69.808141 -12.500046
-70.540550 -12.733076
-71.272933 -12.971173
-72.403640 -13.349108
-73.637140 -13.776395
-74.356671 -14.033211
-74.986261 -14.262688
-76.039878 -14.657053
-77.389025 -15.181895
-78.224202 -15.518606
-78.840940 -15.773339
-79.714674 -16.143456
-80.447058 -16.462393
-81.179467 -16.789634
-81.873293 -17.107619
-82.695644 -17.495032
-83.402322 -17.837508
-84.044765 -18.156882
-84.944204 -18.617523
-86.524617 -19.467969
-87.141380 -19.815154
-87.886616 -20.246996
-88.554763 -20.646279
-89.454177 -21.203039
-90.173734 -21.665469
-90.880413 -22.135395
-91.702738 -22.703339
-92.460826 -23.248612
-93.141825 -23.757625
-94.028412 -24.449929
-94.773648 -25.060205
-95.531737 -25.710307
-96.328382 -26.428701
-97.022209 -27.087057
-97.806002 -27.871831
-98.628327 -28.748285
-99.347884 -29.566431
-100.003178 -30.359505
-100.915445 -31.553582
-101.776327 -30.992777
-102.367385 -30.134115
-103.215415 -28.902136
-103.986355 -27.782148
-104.744444 -26.680832
-105.502532 -25.579516
-106.299152 -24.422223
-106.954472 -23.470204
-107.789650 -22.256896
-108.637680 -21.024917
-109.344358 -19.998287
-110.141004 -18.840957
-111.567239 -16.768987
-112.389564 -15.574351
-113.199062 -14.398349
-113.880062 -13.409025
-114.753796 -12.139703
-113.635917 -10.041923
-113.032032 -9.503430
-112.325328 -8.995313
-111.605797 -8.559825
-110.860535 -8.167188
-110.076767 -7.800682
-109.485709 -7.548709
-108.534886 -7.178253
-107.725388 -6.890522
-107.031561 -6.660657
-106.324857 -6.440188
-105.631031 -6.235509
-104.860090 -6.020168
-104.089149 -5.816134
-103.331061 -5.625354
-102.534415 -5.434341
-101.853416 -5.278052
-101.056796 -5.102697
-100.414328 -4.966689
-99.617708 -4.804243
-99.039502 -4.690346
-98.062974 -4.505081
-97.304885 -4.366978
-96.611059 -4.244658
-95.814413 -4.108722
-95.133414 -3.996122
-94.336794 -3.868374
-93.540148 -3.744667
-92.782060 -3.630493
-92.178149 -3.541893
-91.317293 -3.419025
-90.533499 -3.310495
-89.813943 -3.213524
-88.991618 -3.105680
-88.310618 -3.018669
-87.308411 -2.894227
-86.113468 -2.751177
-85.419616 -2.670637
-84.687232 -2.587543
-83.762088 -2.485287
-83.106793 -2.414617
-82.361557 -2.335955
-81.693410 -2.266925
-80.883938 -2.185124
-79.997351 -2.097750
-78.648230 -1.969050
-78.018615 -1.910675
-77.003554 -1.818732
-76.322555 -1.758501
-75.628729 -1.698298
-74.844935 -1.631662
-74.061142 -1.566438
-73.341611 -1.507772
-72.647759 -1.452267
-71.928228 -1.395785
-71.003109 -1.324733
-69.589726 -1.219468
-68.805933 -1.162746
-68.086402 -1.111678
-67.418255 -1.065098
-66.441726 -0.998438
-65.670786 -0.946972
-65.054048 -0.906519
-64.321665 -0.859292
-63.435078 -0.803275
-62.664137 -0.755567
-61.970310 -0.713409
-61.045166 -0.658317
-60.402724 -0.620798
-59.798839 -0.586070
-58.822311 -0.530997
-58.231253 -0.498301
-57.383223 -0.452213
-56.663692 -0.413853
-55.700016 -0.363526
-55.121810 -0.333894
-54.325190 -0.293749
-53.554249 -0.255634
-52.025220 -0.182128
-51.408482 -0.153247
-50.637542 -0.117749
-49.892306 -0.084063
-49.108512 -0.049289
-48.337597 -0.015729
-47.553804 0.017749
-46.847125 0.047389
-46.089037 0.078620
-45.446569 0.104638
-44.637096 0.136839
-43.737682 0.171875
-43.159477 0.193991
-42.350004 0.224428
-41.643300 0.250506
-40.833827 0.279820
-40.062887 0.307194
-39.356182 0.331829
-38.700888 0.354285
-37.878563 0.381947
-37.043385 0.409460
-36.233913 0.435576
-35.552913 0.457134
-34.743441 0.482275
-34.023884 0.504190
-33.252969 0.527221
-32.597674 0.546440
-31.826733 0.568633
-30.811673 0.597179
-30.233468 0.613101
-29.462527 0.633954
-28.704438 0.654044
-28.023464 0.671746
-27.124025 0.694632
-26.314552 0.714754
-25.569316 0.732888
-24.811228 0.750955
-23.924666 0.771604
-22.588372 0.801768
-21.791727 0.819211
-21.136432 0.833261
-20.057135 0.855825
-18.772251 0.881766
-17.975605 0.897356
-17.294631 0.910386
-16.485133 0.925526
-15.637104 0.940983
-14.956130 0.953101
-14.223721 0.965845
-13.285775 0.981733
-12.669012 0.991918
-11.833835 1.005383
-11.152835 1.016088
-10.446156 1.026937
-9.688068 1.038285
-8.891448 1.049892
-8.056270 1.061712
-7.349566 1.071439
-6.655740 1.080747
-5.846242 1.091307
-5.126711 1.100425
-4.407179 1.109293
-3.584854 1.119125
-2.826766 1.127906
-2.132914 1.135707
-1.387678 1.143838
-0.565353 1.152516
0.051384 1.158822
0.848030 1.166717
1.683207 1.174690
2.377034 1.181081
3.135122 1.187825
3.944595 1.194752
4.728388 1.201267
5.422214 1.207026
6.180303 1.213319
6.925539 1.219504
7.670775 1.225690
8.544509 1.232943
9.225483 1.238596
10.009276 1.245102
10.664571 1.250541
11.461191 1.257153
12.309221 1.264193
13.015925 1.270059
13.851103 1.276991
14.519224 1.282537
15.431516 1.290110
16.202431 1.296509
16.921988 1.302482
16.048253 0.848923
