0.2532937958159557
0.2532937958159557
0.2532937958159557
0.2357185462461847
0.2357185462461847
0.2357185462461847
0.22824014185134628
0.21902180019432294
0.20083527739689
0.19256951155994845
0.19256951155994845
0.19256951155994845
0.19256951155994845
0.19256951155994845
0.18249308692328337
0.18249308692328337
0.1793930590625862
0.1793930590625862
0.1793930590625862
0.1793930590625862
0.1793930590625862
0.17318485557502739
0.1590169851274902
0.1590169851274902
0.1590169851274902
0.15463072541245892
0.15463072541245892
0.15463072541245892
0.15463072541245892
0.15463072541245892
0.11041954758037542
