0.000000 0.000000
0.000000 -0.000000
0.642442 1.408597
1.323442 2.901733
0.308356 0.676091
-0.680999 -1.493136
-1.426235 -3.127115
-2.068678 -4.535711
-1.117854 -0.909814
-0.115646 2.912033
1.156386 7.762835
0.308356 6.020297
-0.796646 3.749731
-0.115646 4.743114
0.629590 5.830199
-0.244145 4.034843
-1.246353 1.975499
-0.565353 2.987092
0.745236 4.933910
-0.321234 2.742520
-1.323442 0.683176
-0.616763 1.752781
0.552501 3.522538
-0.205588 1.964813
-1.349146 -0.384980
-0.642442 0.702014
0.552501 2.539976
1.182091 3.508359
0.424002 1.950634
-0.192735 0.683357
-0.835177 -0.636738
-0.089941 0.528281
0.513944 1.472328
1.092149 2.376231
1.927327 3.681854
3.122270 5.549896
2.377034 4.018579
1.631798 2.487263
1.040765 1.272804
-0.128499 -1.129807
-0.706704 -2.317908
-1.426235 -3.796406
-2.107235 -5.195729
-3.482061 -8.020731
-2.505532 -4.574749
-1.875942 -2.353047
-0.822325 1.364967
0.321208 5.400278
0.950824 7.622069
2.132914 11.793441
1.400531 10.288533
0.680974 8.809983
-0.449707 6.486651
-1.773149 3.767234
-0.925119 4.975389
0.218415 6.604537
0.860857 7.519800
1.554709 8.508304
0.693826 6.739357
-0.359766 4.574428
-1.092175 3.069469
-1.708912 1.802192
-2.312797 0.561325
-1.439088 1.855716
-0.732384 2.902691
0.244119 4.349369
0.899414 5.320182
2.184298 7.223724
1.323442 5.454829
0.693826 4.161091
0.038532 2.814587
-1.156411 0.359209
-1.773149 -0.908067
-1.015060 0.255651
-0.244145 1.439059
0.925119 3.233960
1.516151 4.141236
2.222856 5.226076
1.349121 3.430719
0.732384 2.163443
0.102794 0.869757
-1.130706 -1.664848
-1.721764 -2.879359
-2.299970 -4.067460
-1.426235 -2.678310
-0.424028 -1.084901
0.256972 -0.002181
0.925119 1.060105
1.516151 1.999787
0.732384 0.389295
-0.501117 -2.145311
-1.117854 -3.412587
-1.747444 -4.706273
-2.338502 -5.920783
-1.451940 -2.483048
-0.424028 1.502791
0.154178 3.744844
1.079297 7.332090
2.145767 11.467439
1.336269 9.804076
0.758088 8.616027
0.102794 7.269523
-1.079322 4.840502
-1.811706 3.335595
-0.835177 4.735496
0.462559 6.595866
1.798828 8.511473
2.492680 9.506144
3.173679 10.482391
3.880358 11.495450
3.006623 9.700093
2.338502 8.327232
1.143533 5.871802
0.102794 3.733283
-0.848030 1.779523
-2.068678 -0.728673
-2.698267 -2.022359
-3.417824 -3.500909
-4.188739 -5.084992
-3.083738 -3.377164
-2.479853 -2.443834
-1.272057 -0.577134
-0.668147 0.356235
0.706679 2.481088
1.940179 4.387516
2.672563 5.519446
1.773149 3.671324
1.027913 2.140007
-0.051410 -0.077792
-0.732384 -1.477063
-1.400531 -2.849976
-2.145767 -4.381293
-3.392119 -6.942307
-2.479853 -3.828245
-1.850238 -1.679025
-1.105002 0.864871
-0.102794 4.285952
0.603885 6.698232
1.182091 8.671962
1.953031 11.303603
2.595474 13.496608
3.302152 15.714886
2.389886 13.840354
1.683207 12.388265
1.092149 11.173755
-0.231292 8.454337
-1.387678 6.078187
-2.171471 4.467643
-3.263621 2.223487
-2.467000 3.347867
-1.888795 4.163968
-1.130706 5.233963
-0.115646 6.666657
0.706679 7.827318
1.516151 8.969838
2.621178 10.529515
3.276473 11.454423
2.389886 9.632658
1.708887 8.233335
1.117854 7.018877
-0.167030 4.378687
-1.413383 1.817672
-2.081530 0.444759
-2.723972 -0.875336
-3.327857 -2.116204
-2.415591 -0.740300
-1.837385 0.131764
-0.616763 1.972738
0.513944 3.678099
1.374826 4.976503
2.569769 6.778747
3.225063 7.767079
2.364181 5.998132
1.747444 4.730855
1.066444 3.331532
0.462559 2.090665
-0.783793 -0.470350
-2.145767 -3.268943
-2.775356 -4.562628
-1.773149 -2.975246
-0.629590 -1.163979
0.038532 -0.105751
0.783768 1.074618
1.940179 2.906241
2.608326 3.964510
3.186506 4.880281
2.402738 3.269789
1.708887 1.844058
0.321208 -1.007354
-0.796646 -3.304329
-1.426235 -4.598015
-2.017293 -5.812525
-2.813914 -7.449426
-1.811706 -3.615633
-1.182116 -1.207233
-0.025705 3.216442
0.680974 5.919735
1.978711 10.884029
2.595474 13.243361
1.773149 11.553642
1.079297 10.127910
-0.025705 7.857344
-0.745236 6.378846
-1.413383 5.005933
-2.107235 3.580201
-2.762529 2.233697
-3.366414 0.992830
-2.325649 2.487518
-1.259205 4.019086
-0.578206 4.997100
0.693826 6.823921
1.310589 7.709681
1.940179 8.613863
2.595474 9.554961
3.353562 10.643685
4.021684 11.603204
4.779772 12.691928
5.370830 13.540773
6.051829 14.518786
6.848450 15.662848
8.069097 17.415874
8.685835 18.301598
9.418218 19.353406
9.996424 20.183793
9.302598 18.758113
7.863510 15.801065
7.272477 14.586607
6.642862 13.292869
6.064682 12.104820
5.229479 10.388639
4.060241 7.986080
3.379241 6.586757
2.030120 3.814573
1.451915 2.626472
0.770915 1.227149
0.025679 -0.304167
-0.745236 -1.888250
-1.323442 -3.076351
-2.068678 -4.607668
-2.749677 -6.006990
-3.392119 -7.327085
-4.381475 -9.360020
-5.653507 -11.973801
-6.964096 -14.666809
-7.683652 -16.145360
-8.261833 -17.333409
-9.019921 -18.193876
-9.700920 -18.843264
-8.852891 -16.581273
-8.159064 -14.730597
-7.478065 -12.914134
-6.809918 -11.131954
-6.141771 -9.349773
-5.550738 -7.773284
-4.818329 -5.819694
-4.201592 -4.174641
-3.494913 -2.289682
-2.171471 1.240397
-1.503324 3.022577
-0.899439 4.633349
-0.077089 6.826844
0.591033 8.608956
1.361973 10.665324
2.595474 13.955498
3.366414 15.798304
4.034536 16.665592
4.766920 17.616298
5.435067 18.483619
6.167450 19.434325
6.745656 20.184893
7.375246 21.002162
6.578625 19.365261
5.987567 18.150751
5.268036 16.672253
4.689831 15.484151
3.944595 13.952835
3.263621 12.553564
1.940179 9.834147
1.336269 8.593227
0.758088 7.405178
-0.038557 5.768225
-0.848030 4.104915
-2.171471 1.385497
-2.813914 0.065402
-3.533445 -1.413096
-4.265828 -2.918003
-4.985385 -4.396554
-5.640680 -5.743058
-6.360211 -7.221556
-7.529449 -9.624115
-6.642887 -8.265399
-5.306593 -6.217436
-4.047414 -4.287657
-3.327857 -3.184887
-2.158619 -1.392948
-1.529029 -0.428059
-0.809498 0.674672
-0.012852 1.895587
0.809473 3.155856
1.978711 4.947794
2.723947 6.089920
3.379241 7.094204
4.201592 8.354513
4.844034 9.339100
5.525008 10.382739
6.180303 11.387023
6.861302 12.430702
6.154623 10.978613
5.216652 9.051263
4.021684 6.595833
3.430651 5.381375
2.518385 3.506843
1.374826 1.157050
0.693826 -0.242273
0.115646 -1.430322
-0.783793 -3.278497
-1.400531 -4.545773
-2.055825 -5.892278
-2.891003 -7.608406
-3.494913 -8.849326
-4.291533 -10.486227
-5.023917 -11.991134
-5.640680 -13.258463
-6.308801 -14.631324
-7.131152 -16.321096
-5.974740 -12.752101
-5.332298 -10.769353
-4.677004 -8.746938
-4.085946 -6.922775
-2.775356 -2.877945
-2.184324 -1.053861
-1.529029 0.968554
-0.616763 3.784053
-0.038557 5.568550
0.693826 7.828882
1.297737 9.692711
2.081505 12.111628
2.775356 14.253041
3.482035 15.948391
4.124477 16.782345
4.895418 17.783102
5.537860 18.617055
6.899859 20.385064
5.923331 18.378486
5.229479 16.952754
4.612742 15.685477
4.008857 14.444610
3.392094 13.177281
2.544064 11.434743
1.361973 9.005775
0.539648 7.316055
-0.680999 4.807859
-1.464767 3.197367
-2.171471 1.745226
-2.865298 0.319546
-3.469208 -0.921373
-4.278681 -2.584684
-4.985385 -4.036825
-5.627827 -5.356920
-6.308801 -6.756190
-6.989801 -8.155513
-7.568006 -9.343614
-6.655740 -7.951938
-6.038977 -7.011057
-5.422240 -6.070215
-4.677004 -4.933347
-3.404972 -2.992843
-2.698267 -1.914756
-1.606118 -0.248666
-0.758088 1.045016
-0.089941 2.064284
0.629590 3.161939
1.233475 4.083175
1.978711 5.220043
2.569769 6.121711
3.327857 7.278186
4.060241 8.395448
4.754093 9.453929
5.435067 10.492765
6.077509 11.472820
6.745656 12.492088
7.452360 13.570176
8.043393 14.471804
8.737244 15.530286
9.392539 16.529947
10.073513 17.568783
10.805897 18.686045
11.409807 19.607319
12.270689 20.920608
12.874574 21.841843
13.568426 22.900324
14.275105 23.978373
14.853310 24.860434
15.624251 26.036516
14.660575 24.056347
13.529869 21.732963
12.797485 20.228056
12.206427 19.013546
11.563985 17.693450
10.330510 15.158897
9.533865 13.521944
8.313217 11.013748
7.567981 9.482431
6.964096 8.241564
6.244565 6.763066
5.627802 5.495737
4.895418 3.990830
4.252976 2.670735
3.546297 1.218646
2.903855 -0.101449
2.171446 -1.606409
1.580413 -2.820867
0.835177 -4.352183
0.089941 -5.883500
-0.732384 -7.573219
-1.374826 -8.893314
-2.274265 -10.741489
-3.507765 -13.276094
-4.304386 -14.912996
-4.985385 -16.312318
-5.704916 -17.665372
-6.398743 -18.200018
-6.976948 -18.645568
-7.632243 -19.150522
-8.390331 -19.734686
-9.109862 -20.289139
-9.700920 -20.744593
-10.420452 -21.299046
-11.140008 -21.853518
-12.424893 -22.843618
-13.157276 -23.407975
-13.838276 -23.932736
-14.506397 -24.447574
-15.161692 -24.952527
-15.752750 -25.407982
-14.943277 -24.121693
-14.300835 -23.100823
-13.208660 -21.365307
-12.476277 -20.201516
-11.795303 -19.119417
-11.088599 -17.996431
-10.471861 -17.016407
-9.829419 -15.995537
-8.300390 -13.565840
-7.722184 -12.647044
-7.066890 -11.605751
-6.385916 -10.523652
-5.730621 -9.482359
-5.049622 -8.400220
-4.394327 -7.358926
-3.713328 -6.276787
-2.891003 -4.970075
-1.580413 -2.887488
-0.783793 -1.621622
-0.077089 -0.498637
0.706679 0.746806
2.004416 2.808969
2.711120 3.931955
3.392094 5.014054
4.342917 6.524956
5.512156 8.382929
6.270244 9.587567
6.951243 10.669706
8.313217 12.833944
9.019921 13.956930
9.649511 14.957377
10.998632 17.101192
11.602542 18.060833
10.793070 16.397523
10.047834 14.866207
8.775776 12.252374
8.146186 10.958688
7.503744 9.638593
6.822745 8.239270
6.141771 6.840000
5.512156 5.546262
4.908271 4.305394
4.034536 2.510038
2.788209 -0.050924
2.094357 -1.476656
1.400531 -2.902336
0.758088 -4.222431
0.025679 -5.727390
-0.680999 -7.179479
-1.490472 -8.842790
-2.094382 -10.083709
-2.852471 -11.641435
-3.623386 -13.225518
-4.317238 -14.651249
-5.036769 -16.129748
-5.640680 -17.370667
-6.463005 -18.146866
-7.169683 -18.696739
-7.863535 -19.236631
-8.505977 -19.736522
-9.199804 -20.276394
-9.893656 -20.816287
-10.574655 -21.346179
-11.255629 -21.876051
-10.317658 -19.446397
-9.533890 -17.416180
-8.403184 -14.487279
-7.657948 -12.556872
-6.861327 -10.493364
-6.270269 -8.962329
-5.679211 -7.431294
-4.985385 -5.634056
-4.342943 -3.969919
-2.891003 -0.208916
-2.299970 1.322053
-1.606118 3.119357
-0.848030 5.083056
-0.205588 6.747192
0.655295 8.977161
1.310589 10.674589
1.914474 12.238850
2.723947 14.335650
3.315005 15.731570
4.137330 16.799028
4.779772 17.632982
5.589270 18.683790
6.874154 20.351696
7.529449 21.202333
8.236128 22.119672
8.865718 22.936942
9.559569 23.837630
10.266248 24.754968
10.960100 25.655656
10.047834 23.781124
8.878570 21.378513
8.146186 19.873606
7.439508 18.421517
6.771361 17.048603
6.180303 15.834093
5.460771 14.355595
4.779772 12.956272
4.201592 11.768223
3.366414 10.052094
2.723947 8.731947
2.120062 7.491080
1.490472 6.197394
0.732384 4.639668
0.012852 3.161170
-1.413383 0.230531
-2.158619 -1.300785
-2.839618 -2.700108
-3.520592 -4.099378
-4.394327 -5.894735
-5.113858 -7.373233
-6.360211 -9.934247
-7.195388 -11.650376
-8.505977 -14.343385
-9.199804 -15.769064
-9.855098 -17.115568
-10.561803 -18.120843
-11.152835 -18.780169
-11.756746 -19.453861
-10.998657 -18.243491
-10.099243 -16.807480
-9.019921 -15.084226
-8.261833 -13.873856
-6.861327 -11.637798
-6.270269 -10.694110
-5.640680 -9.688902
-4.972533 -8.622133
-4.330090 -7.596405
-3.687648 -6.570677
-2.993796 -5.462867
-2.222856 -4.231977
-1.593266 -3.226769
-0.835177 -2.016399
-0.167030 -0.949630
0.591033 0.260699
1.259180 1.327468
1.978711 2.476277
2.685415 3.604606
3.379241 4.712375
4.175887 5.984306
4.766920 6.927953
5.357978 7.871641
6.180303 9.184572
6.758508 10.107739
7.516597 11.318109
8.133334 12.302797
9.007069 13.697809
10.227716 15.646704
10.870159 16.672433
10.099218 15.088298
9.508160 13.873787
8.775776 12.368880
8.133334 11.048785
7.478039 9.702281
6.848450 8.408595
6.116066 6.903688
5.512156 5.662768
4.779772 4.157861
3.636239 1.808120
2.659710 -0.198458
1.439062 -2.706654
0.822325 -3.973931
0.141326 -5.373253
-0.745236 -7.194967
-1.413383 -8.567880
-2.132914 -10.046378
-2.775356 -11.366473
-3.584854 -13.029836
-4.253001 -14.402749
-4.946828 -15.828429
-5.679211 -17.333336
-6.347358 -18.014440
-7.079742 -18.586576
-7.812126 -19.158712
-8.454568 -19.660586
-9.186977 -20.232742
-10.561803 -21.306752
-11.743893 -22.230198
-10.870159 -20.020142
-10.176332 -18.265153
-9.007069 -15.307576
-8.171891 -13.195048
-7.580859 -11.700069
-6.938416 -10.075053
-6.231712 -8.287490
-5.602122 -6.694983
-4.882591 -4.874975
-3.726180 -1.949907
-2.968092 -0.032371
-2.287118 1.690109
-1.541882 3.575136
-0.848030 5.330189
-0.154203 7.085179
0.526796 8.807723
1.297737 10.757768
2.004416 12.545267
2.646858 14.170283
3.469183 15.931708
4.921123 17.816469
5.614949 18.717124
6.809892 20.268278
7.683627 21.402472
8.300364 22.203057
8.929980 23.020360
9.585274 23.870997
10.253396 24.738285
10.947248 25.638973
11.666779 26.572995
12.322073 27.423632
12.977368 28.274269
13.735456 29.258342
15.007488 30.909565
15.765577 31.893638
16.382314 32.694224
17.191812 33.745033
17.834254 34.578986
18.566638 35.529692
19.234785 36.397012
19.915759 37.280984
20.545349 38.098253
21.174964 38.915556
20.339787 37.199427
19.633082 35.747286
18.450992 33.318318
17.859934 32.103807
17.204639 30.757303
16.446576 29.199629
15.225928 26.691433
14.519224 25.239292
13.863930 23.892788
13.247192 22.625511
12.476251 21.041376
11.782425 19.615697
10.536072 17.054682
9.893630 15.734587
9.238336 14.388083
8.428863 12.724773
7.786421 11.404678
7.079742 9.952589
6.283096 8.315635
5.640654 6.995540
4.432859 4.513753
3.546297 2.692040
2.852445 1.266308
2.107209 -0.265008
1.490472 -1.532285
0.642442 -3.274823
-0.077089 -4.753321
-0.796646 -6.231871
-1.516177 -7.710369
-2.287118 -9.294504
-2.916707 -10.588190
-3.649091 -12.093097
-4.407179 -13.650823
-5.113858 -15.102912
-5.756300 -16.423007
-6.591478 -17.806720
-7.208241 -18.306738
-7.863535 -18.837993
-8.570214 -19.410907
-9.264066 -19.973421
-9.906508 -20.494257
-10.587482 -21.046331
-11.255629 -21.588007
-11.859539 -22.077604
-12.694717 -22.754693
-13.350011 -23.285949
-14.031011 -23.838044
-14.634896 -24.327621
-15.392984 -24.942213
-16.125368 -25.535965
-17.461662 -26.619316
-18.091252 -27.129732
-19.440398 -28.223502
-20.134224 -28.833927
-20.802371 -30.106272
-20.044283 -28.662652
-19.466077 -27.561582
-18.836488 -26.362661
-18.245430 -25.237116
-17.564456 -23.940344
-16.562222 -22.031803
-15.637104 -20.270109
-14.930425 -18.924388
-14.210894 -17.554193
-13.517042 -16.232899
-12.823215 -14.911653
-12.116511 -13.565884
-11.396980 -12.195688
-10.690276 -10.849919
-9.970745 -9.479724
-9.212656 -8.036105
-8.544509 -6.763760
-7.966329 -5.662738
-7.195388 -4.194644
-5.846242 -1.625479
-5.113858 -0.230809
-4.407179 1.114912
-3.803269 2.264932
-2.968092 3.855351
-2.248560 5.225546
-1.593266 6.472982
-0.745236 8.083498
-0.154203 9.205945
0.719531 10.865278
1.374826 12.109766
2.055825 13.403071
2.659710 14.549925
3.430651 15.881690
4.278681 16.982516
4.921123 17.816469
5.666359 18.783859
6.283096 19.584445
7.696479 21.419155
8.493100 22.453247
9.148394 23.303884
9.739452 24.071135
10.587482 25.171961
11.910924 26.889919
12.489104 27.640454
13.247192 28.624527
13.992428 29.591917
14.660575 30.459238
15.405811 31.426627
14.442135 29.446459
13.684047 27.888733
13.105867 26.700684
12.347778 25.142958
11.731015 23.875629
11.088573 22.555534
9.739452 19.783351
9.032773 18.331262
8.403158 17.037524
7.735037 15.664662
7.066890 14.291749
6.295949 12.707614
5.614949 11.308292
4.805477 9.644981
3.379241 6.714342
2.801061 5.526293
2.055825 3.994977
1.349121 2.542836
0.693826 1.196331
-0.089941 -0.414161
-0.899439 -2.077523
-1.529029 -3.371209
-2.261413 -4.876116
-3.777590 -7.991568
-4.445711 -9.364429
-5.203800 -10.922154
-5.949036 -12.453471
-7.311034 -15.252116
-7.889215 -16.440165
-8.621624 -17.755737
-9.379687 -18.482467
-10.060686 -19.135318
-10.728833 -19.775848
-11.422685 -20.441021
-12.103659 -21.093847
-12.746101 -21.709735
-13.619836 -22.547355
-14.210894 -23.113983
-14.904720 -23.779131
-15.534310 -24.382697
-16.253866 -25.072512
-15.367279 -23.681342
-14.711985 -22.653100
-14.069543 -21.645024
-13.375716 -20.556321
-12.669012 -19.447410
-11.975186 -18.358707
-10.523245 -16.080424
-9.906508 -15.112683
-9.328302 -14.205403
-8.570214 -13.015864
-7.837830 -11.866660
-7.246772 -10.939213
-6.604330 -9.931138
-5.846242 -8.741599
-4.548505 -6.705281
-3.816121 -5.556076
-3.058033 -4.366537
-2.351354 -3.257667
-1.721764 -2.269758
-0.989381 -1.120554
-0.205588 0.109320
0.539648 1.278692
1.194943 2.306934
1.914474 3.435972
2.762504 4.766640
3.404946 5.774716
4.098798 6.863459
4.831182 8.012664
5.576418 9.182036
6.218860 10.190111
6.835597 11.157852
7.657922 12.448187
8.274685 13.415968
9.161247 14.807098
10.330510 16.641824
11.050041 17.770862
11.679631 18.758770
12.501956 20.049105
13.208660 21.158015
13.876782 22.206385
14.532077 23.234627
15.251633 24.363705
15.855518 25.311278
15.046046 23.647968
14.172311 21.852612
13.067309 19.582046
12.334926 18.077139
11.679631 16.730635
10.895838 15.120091
9.778009 12.823168
9.084158 11.397436
8.364626 9.918938
7.606538 8.361213
6.925539 6.961890
6.295949 5.668204
4.908271 2.816793
4.188739 1.338295
3.520592 -0.034619
2.826741 -1.460351
1.991563 -3.176480
1.310589 -4.575750
-0.025705 -7.321577
-0.758088 -8.826484
-1.413383 -10.172988
-2.197176 -11.783532
-2.942412 -13.314849
-3.687648 -14.846165
-4.330090 -16.166260
-5.178120 -17.704983
-5.859094 -18.209378
-6.578651 -18.742352
-7.195388 -19.199168
-7.837830 -19.675023
-8.634451 -20.265077
-9.315450 -20.769491
-10.022154 -21.292945
-10.638892 -21.749761
-11.371275 -22.292235
-12.167921 -22.882309
-13.542747 -23.900638
-14.120952 -24.328913
-14.814779 -24.842829
-15.624251 -25.442403
-14.609191 -23.825116
-13.992454 -22.842473
-13.324307 -21.777920
-11.743893 -19.259860
-10.536098 -17.335489
-9.906508 -16.332369
-9.199804 -15.206383
-8.428888 -13.978089
-7.837830 -13.036361
-7.143979 -11.930853
-6.565798 -11.009643
-5.653507 -9.556096
-4.471416 -7.672681
-3.636239 -6.341999
-2.993796 -5.318401
-2.120062 -3.926287
-0.848030 -1.899569
-0.115646 -0.732668
0.526796 0.290930
1.310589 1.539741
2.081505 2.768035
2.723947 3.791633
3.559124 5.122314
4.188739 6.125475
4.933975 7.312853
5.627802 8.418321
6.321654 9.523830
7.002628 10.608820
7.837805 11.939502
9.071305 13.904827
9.713747 14.928425
10.343337 15.931546
11.191367 17.282705
11.859514 18.347258
12.579045 19.493681
13.247192 20.558234
14.699107 22.871559
15.354402 23.915634
16.022549 24.980187
17.513021 27.354944
18.772226 29.361225
19.466052 30.466693
20.159904 31.572202
20.905140 32.759580
22.164319 34.765821
22.948113 36.014632
24.310086 38.184654
24.978233 39.249207
25.684912 40.375152
26.288797 41.337318
27.059738 42.565651
27.766416 43.691597
28.344622 44.612847
29.077006 45.779748
29.912183 47.110430
30.503241 48.052157
31.312714 49.341884
31.916624 50.304089
32.597598 51.389080
33.407096 52.678846
34.075218 53.743359
34.704807 54.746479
35.398659 55.851988
36.079659 56.937018
36.863426 58.185789
37.531573 59.250343
38.186868 60.294418
37.043309 57.944625
36.053954 55.911690
35.385807 54.538777
34.139480 51.977814
33.497037 50.657719
32.289242 48.175932
31.582538 46.723791
30.927243 45.377287
30.297653 44.083601
29.616654 42.684279
28.884270 41.179371
27.676475 38.697584
26.944091 37.192677
26.211708 35.687770
25.607823 34.446902
24.798350 32.783592
24.168735 31.489854
23.487761 30.090584
22.832466 28.744079
22.061526 27.159945
21.406231 25.813440
20.648143 24.255715
19.877227 22.671632
18.605170 20.057799
17.795697 18.394489
16.446576 15.622305
15.701340 14.090988
14.326514 11.265986
13.581278 9.734669
12.848869 8.229710
12.129338 6.751212
11.396955 5.246305
10.754512 3.926210
9.983572 2.342075
9.251188 0.837167
8.647303 -0.403700
7.760716 -2.225466
7.054037 -3.677554
6.347333 -5.129695
5.486476 -6.898590
4.766920 -8.377141
4.124477 -9.697236
3.315005 -11.360546
2.621178 -12.786226
1.901622 -14.264776
1.053592 -16.007314
0.398297 -17.353818
-0.359766 -17.942366
-1.053617 -18.322446
-1.811706 -18.737714
-2.544089 -19.138901
-3.173679 -19.483779
-3.931768 -19.899047
-4.574210 -20.250966
-5.447944 -20.729582
-6.077534 -21.074461
-6.719976 -21.426379
-7.400976 -21.799419
-8.133359 -22.200606
-9.045626 -22.700330
-10.279126 -23.376020
-10.895863 -23.713858
-11.512626 -24.051710
-12.412040 -24.544393
-13.054482 -24.896312
-13.722629 -25.262311
-14.416456 -25.642377
-14.994661 -25.959108
-15.778455 -26.388457
-16.562222 -26.817791
-17.204690 -27.169724
-18.540959 -27.901709
-19.183401 -28.253627
-19.800164 -28.591479
-20.571079 -29.665824
-21.264931 -30.987118
-21.907373 -32.210514
-22.588372 -33.507334
-23.269372 -34.804153
-23.963198 -36.125399
-24.541404 -37.226470
-25.273787 -38.621140
-26.057581 -40.113708
-26.751407 -41.434954
-28.087701 -43.979644
-28.781553 -45.300939
-29.578173 -46.817934
-30.182083 -47.967954
-31.030088 -49.582799
-31.813881 -51.075368
-33.085913 -53.497684
-33.766912 -54.794504
-34.473617 -56.140273
-35.218853 -57.559418
-35.874147 -58.541862
-36.516589 -58.436242
-37.287530 -58.309497
-38.019914 -58.189092
-38.700888 -58.077138
-38.019914 -56.780366
-37.326062 -55.459072
-36.143971 -53.208030
-34.923324 -50.883564
-33.805470 -48.754847
-33.124470 -47.458027
-32.533412 -46.332482
-31.813881 -44.962286
-30.464760 -42.393170
-29.783761 -41.096351
-29.128466 -39.848480
-28.306141 -38.282536
-27.663673 -37.059092
-26.982699 -35.762321
-26.160374 -34.196376
-25.505080 -32.948506
-24.746991 -31.504887
-24.078844 -30.232542
-23.449255 -29.033621
-22.691166 -27.590001
-21.958783 -26.195331
-21.213547 -24.776187
-20.506842 -23.430418
-19.774459 -22.035748
-19.042075 -20.641078
-18.219750 -19.075133
-17.641545 -17.974063
-16.857751 -16.481494
-15.457221 -13.814479
-14.801926 -12.566609
-14.069543 -11.171939
-13.324307 -9.752794
-12.681864 -8.529398
-11.859539 -6.963454
-11.140008 -5.593259
-10.369067 -4.125164
-9.675216 -2.803870
-8.968537 -1.458149
-8.184744 0.034419
-7.490917 1.355665
-6.732829 2.799285
-6.026125 4.145054
-5.306593 5.515249
-4.574210 6.672347
-3.906063 7.438239
-3.263621 8.174666
-2.351354 9.220390
-1.734617 9.927352
-1.027913 10.737442
-0.244145 11.635869
0.462559 12.445959
1.169238 13.256020
1.978711 14.183913
2.621178 14.920369
3.392094 15.831639
4.060241 16.698959
4.805477 17.666349
5.653507 18.767175
6.257392 19.551077
6.989801 20.501817
7.722184 21.452523
8.467420 22.419912
9.276893 23.470687
9.945040 24.338008
10.574630 25.155278
11.409807 26.239420
12.142191 27.190126
12.771780 28.007396
13.645515 29.141589
14.365046 30.075612
15.727020 31.843587
16.433724 32.760959
17.153255 33.694981
18.014137 34.812491
19.530289 36.780605
20.159904 37.597908
20.866583 38.515246
21.650376 39.532687
22.986644 41.267296
23.680496 42.167984
24.425732 43.135373
25.620675 44.686527
26.443000 45.753986
27.149679 46.671325
28.318943 48.189144
28.987064 49.056431
28.113355 47.269758
27.509445 46.034804
26.802766 44.589696
26.147471 43.249665
25.530734 41.988481
24.836882 40.569603
24.130203 39.124495
23.436351 37.705617
22.832466 36.470715
22.074378 34.920478
21.354847 33.449087
20.596758 31.898850
19.350406 29.350147
18.592343 27.799962
17.076166 24.699488
16.343782 23.201815
15.071725 20.600548
14.365046 19.155440
13.709752 17.815409
12.861722 16.081248
12.167895 14.662422
11.551133 13.401186
10.536072 11.325460
9.315450 8.829373
8.570214 7.305419
7.837805 5.807694
7.143979 4.388868
6.321654 2.707272
5.692064 1.419805
4.972507 -0.051637
4.227271 -1.575592
3.456356 -3.152059
2.801061 -4.492090
1.965884 -6.199969
1.233475 -7.697694
0.578206 -9.037673
-0.269824 -10.771834
-1.002208 -12.269506
-1.734617 -13.767231
-2.467000 -15.264903
-3.276473 -16.920217
-3.880383 -17.731711
-4.677004 -18.142900
-5.473624 -18.554089
-6.116091 -18.885710
-6.809918 -19.243840
-7.593711 -19.648408
-8.210448 -19.966748
-8.994242 -20.371316
-10.407599 -21.100845
-11.152835 -21.485511
-11.833835 -21.837020
-12.591923 -22.228321
-13.427100 -22.659412
-14.699132 -23.315993
-15.431541 -23.694038
-16.215309 -24.098593
-17.037634 -24.523050
-17.654397 -24.841403
-18.386781 -25.219435
-19.684517 -25.889284
-20.558252 -26.340277
-21.136432 -26.638715
-21.933078 -27.049917
-22.601225 -27.394792
-23.513491 -27.865674
-24.708434 -29.066576
-25.453670 -30.255282
-26.956995 -32.653195
-28.203347 -34.641219
-28.858642 -35.686462
-28.023464 -34.103688
-27.368170 -32.861817
-26.712875 -31.619946
-26.031876 -30.329360
-25.376581 -29.087489
-24.785523 -27.967355
-24.040287 -26.555032
-23.462082 -25.459255
-22.678314 -23.973910
-21.958783 -22.610302
-20.609636 -20.053488
-19.813016 -18.543786
-19.132017 -17.253200
-18.489574 -16.035686
-17.680076 -14.501579
-16.909161 -13.040590
-16.163925 -11.628268
-15.470073 -10.313326
-14.763394 -8.974075
-13.966749 -7.464324
-13.324307 -6.246810
-12.669012 -5.004939
-11.885244 -3.519593
-11.255629 -2.326388
-10.536098 -0.962780
-9.752305 0.522614
-9.097010 1.764485
-8.390331 3.103736
-7.683652 4.442987
-6.887007 5.952738
-6.103239 6.868976
-4.818329 8.072762
-3.841826 8.987612
-3.263621 9.529311
-2.467000 10.275636
-1.798853 10.901599
-1.066470 11.587742
-0.167030 12.430394
1.156386 13.670255
1.914474 14.380480
3.353562 15.780394
4.047388 16.680979
4.844034 17.715023
6.218860 19.499543
6.951243 20.450175
7.645070 21.350760
8.480247 22.434819
9.135542 23.285390
9.932187 24.319434
10.548925 25.119957
11.242777 26.020575
12.013692 27.021222
12.874574 28.138645
13.529869 28.989215
14.275105 29.956530
15.046046 30.957209
15.688488 31.791098
16.433724 32.758412
17.127550 33.658997
17.949875 34.726373
18.643727 35.626991
19.221933 36.377500
20.159904 37.594985
20.879435 38.528935
21.470468 39.296093
22.215704 40.263408
22.922408 41.180708
23.629087 42.097976
24.335791 43.015276
25.068174 43.965908
25.723469 44.816479
26.571473 45.917187
27.740737 47.434888
28.473121 48.385520
27.406651 46.204665
25.993293 43.314449
25.376530 42.053212
24.772645 40.818310
24.130203 39.504562
23.462056 38.138248
22.858146 36.903294
22.010141 35.169185
21.329142 33.776590
19.890080 30.833809
19.299022 29.625137
18.643727 28.285106
17.821402 26.603510
16.408019 23.713242
15.675635 22.215569
14.930399 20.691614
14.236548 19.272736
13.645515 18.064117
12.810338 16.356238
12.142191 14.989925
11.358397 13.387123
10.009276 10.628266
9.251188 9.078029
8.518804 7.580357
7.786421 6.082684
7.066890 4.611294
6.180303 2.798286
4.933975 0.249635
4.111650 -1.431961
3.469183 -2.745762
2.672563 -4.374794
1.927327 -5.898749
1.194943 -7.396421
0.501091 -8.815299
-0.308381 -10.470613
-1.027913 -11.942004
-1.798853 -13.518523
-2.569794 -15.095042
-4.008857 -17.703125
-4.741240 -18.084605
-5.409387 -18.432626
-6.064682 -18.773952
-6.887007 -19.202281
-7.593711 -19.570385
-8.300390 -19.938476
-9.071331 -20.340040
-9.790862 -20.714825
-10.626039 -21.149848
-11.229950 -21.464410
-12.604775 -22.180522
-13.529894 -22.662393
-14.198041 -23.010414
-15.457221 -23.666289
-16.318103 -24.114701
-16.960545 -24.449333
-17.808575 -24.891050
-19.183401 -25.607163
-19.787311 -25.921724
-20.699578 -26.396901
-21.971610 -27.059470
-22.678314 -27.427575
-23.397845 -27.802360
-24.220170 -28.287759
-25.453670 -30.255282
-26.121817 -31.321026
-26.725728 -32.284307
-27.637994 -33.739439
-28.910026 -35.768423
-28.010612 -34.063913
-27.342465 -32.797684
-26.648613 -31.482742
-25.299492 -28.925977
-24.721287 -27.830199
-24.027435 -26.515257
-23.205110 -24.956841
-21.984462 -22.643549
-21.316315 -21.377321
-20.442606 -19.721525
-19.813016 -18.528367
-19.196253 -17.359519
-18.399633 -15.849817
-17.770018 -14.656611
-17.063339 -13.317360
-16.241014 -11.758944
-15.547162 -10.444001
-14.737690 -8.909942
-13.350011 -6.280106
-12.720422 -5.086948
-11.872392 -3.479818
-11.294186 -2.384041
-10.497541 -0.874290
-9.790862 0.464961
-9.148420 1.682475
-8.416036 3.070441
-7.632243 4.555834
-7.054037 5.651611
-6.206033 6.779911
-5.460797 7.477522
-4.818329 8.078933
-4.073093 8.776545
-3.417824 9.389939
-2.569794 10.183775
-1.875942 10.833287
-1.105002 11.554960
-0.449707 12.168378
0.436855 12.998284
1.092149 13.611702
1.863090 14.333376
2.466975 14.898670
3.353562 15.780394
4.034536 16.664296
4.741240 17.581597
5.460771 18.515546
6.128918 19.382800
6.964096 20.466858
7.645070 21.350760
8.338922 22.251378
9.097010 23.235375
9.790836 24.135960
10.677423 25.286748
11.923751 26.904478
12.643307 27.838461
13.362838 28.772410
14.275105 29.956530
14.917547 30.790418
15.688488 31.791098
16.382314 32.691683
17.191812 33.742409
17.885639 34.642994
18.630875 35.610309
19.350406 36.544258
20.057110 37.461559
20.712405 38.312130
21.496172 39.329458
22.202877 40.246759
22.922408 41.180708
23.629087 42.097976
24.284381 42.948547
25.042470 43.932543
25.762001 44.866493
27.239620 46.784440
28.396032 48.285459
29.089858 49.186044
29.783710 50.086662
31.030037 51.704391
31.788125 52.688388
33.098715 54.389530
33.843951 55.356845
34.486393 56.190733
35.141687 57.041304
35.745572 57.825145
37.158955 59.659713
37.827102 60.526966
38.508076 61.410869
39.317574 62.461595
39.972869 63.312166
40.679548 64.062892
41.399079 63.875929
42.092931 63.695640
42.863846 63.495325
43.634787 63.295005
44.906819 62.964481
45.626350 62.777518
46.320202 62.597228
47.193911 62.370204
47.849206 62.199933
48.543058 62.019643
49.198352 61.849372
50.097766 61.615669
50.765913 61.442058
51.536829 61.241744
52.230680 61.061454
53.014448 60.857800
53.708300 60.677510
54.337890 60.513918
55.224451 60.283554
54.260801 58.312957
52.963064 55.659177
51.819505 53.320680
51.048590 51.744213
50.431827 50.482977
49.635207 48.853945
48.491648 46.515448
47.887763 45.280546
47.258173 43.993079
46.397291 42.232636
45.806233 41.023964
45.099554 39.578856
43.724728 36.767435
43.082286 35.453686
42.426992 34.113655
41.681756 32.589700
40.949372 31.092028
40.088490 29.331585
39.034898 27.177063
38.302514 25.679391
37.608662 24.260513
36.799190 22.605199
36.131043 21.238886
35.411512 19.767495
34.730512 18.374900
34.062365 17.008586
33.278597 15.405837
32.584746 13.986959
31.916624 12.620698
31.222772 11.201820
30.387595 9.493941
29.706621 8.101398
29.051326 6.761367
28.396032 5.421335
27.612238 3.818534
26.879855 2.320861
26.263117 1.059677
25.505029 -0.490560
24.875439 -1.778027
24.194440 -3.170622
23.295026 -5.009860
22.626879 -6.376173
21.855938 -7.952693
21.174964 -9.345236
20.365466 -11.000603
19.607403 -12.550788
18.926404 -13.943383
18.206872 -15.414774
17.474489 -16.912446
16.536518 -17.744762
15.174519 -18.094710
14.403603 -18.292786
13.696899 -18.474365
12.810338 -18.702155
12.077954 -18.890332
11.499748 -19.038894
10.690276 -19.246878
9.970719 -19.431759
9.122715 -19.649642
8.428863 -19.827919
7.632243 -20.032600
6.964096 -20.204272
6.347333 -20.362741
5.447919 -20.593834
4.702683 -20.785313
4.098798 -20.940473
3.135122 -21.188077
2.479827 -21.356447
1.773149 -21.538019
1.040765 -21.726195
0.218415 -21.937487
-0.501117 -22.122362
-1.233500 -22.310538
-2.081530 -22.528429
-3.379267 -22.861865
-4.265828 -23.089656
-4.844034 -23.238218
-5.653507 -23.446202
-6.347358 -23.624478
-6.938416 -23.776343
-7.837830 -24.007436
-8.493125 -24.175805
-9.186977 -24.354081
-10.022154 -24.568669
-11.422685 -24.928518
-12.155068 -25.116694
-12.823215 -25.288366
-13.619836 -25.493047
-14.326514 -25.674619
-15.071750 -25.866098
-15.791307 -26.050979
-16.485133 -26.229248
-18.027015 -26.625415
-19.337604 -26.962154
-20.044283 -27.143726
-20.712430 -27.315398
-21.509050 -27.520079
-22.138665 -27.681850
-22.819639 -27.856818
-23.667669 -28.074708
-24.425758 -28.615686
-25.762052 -30.747173
-26.956995 -32.653195
-27.882113 -34.128827
-29.102761 -36.075850
-29.925086 -37.387518
-30.503292 -38.309799
-31.248528 -39.498505
-31.878118 -40.502747
-32.546265 -41.568490
-33.188707 -42.593232
-34.036737 -43.945902
-34.640647 -44.909183
-35.270237 -45.913425
-36.002620 -47.081631
-36.657915 -48.126874
-37.287530 -49.131156
-38.071298 -50.381323
-38.726593 -51.426566
-39.394740 -52.492309
-39.985798 -53.435090
-40.859507 -54.828721
-41.553359 -55.935465
-42.208653 -56.980708
-42.941037 -57.375584
-43.737682 -57.244624
-44.380125 -57.139013
-45.099656 -57.020729
-45.754950 -56.913005
-46.487334 -56.792609
-47.849333 -56.568710
-48.517480 -56.458873
-49.275568 -56.334251
-49.892306 -56.232866
-50.766040 -56.089232
-51.421335 -55.981508
-52.153718 -55.861112
-52.860397 -55.744941
-53.490012 -55.641439
-54.389426 -55.493584
-54.980484 -55.396420
-55.751425 -55.269685
-56.393867 -55.164074
-55.674336 -53.869296
-54.646398 -52.019549
-54.042513 -50.932873
-53.451455 -49.869280
-52.719072 -48.551375
-51.601218 -46.539825
-50.804572 -45.106282
-49.699570 -43.117861
-49.018571 -41.892420
-48.247656 -40.505178
-47.065540 -38.377991
-46.435950 -37.245060
-45.690714 -35.904028
-44.444361 -33.661249
-43.699125 -32.320216
-43.005299 -31.071693
-42.362831 -29.915590
-41.463417 -28.297118
-40.885212 -27.256652
-40.229917 -26.077466
-39.446149 -24.667096
-38.688061 -23.302936
-37.904268 -21.892521
-37.236121 -20.690207
-36.542294 -19.441685
-35.758501 -18.031269
-34.897619 -16.482134
-33.651266 -14.239355
-33.008824 -13.083297
-31.377026 -10.146920
-30.143526 -7.927269
-29.462527 -6.701828
-28.730143 -5.383923
-27.959202 -3.996635
-27.252524 -2.724985
-26.494435 -1.360824
-25.749199 -0.019792
-24.914022 1.483088
-24.322964 2.546682
-23.577728 3.887715
-22.704019 5.459932
-22.035872 6.376218
-21.213547 6.658421
-20.583931 6.874490
-19.800164 7.143462
-19.029223 7.408031
-18.412485 7.619681
-17.551603 7.915117
-16.819220 8.166454
-16.061131 8.426613
-15.392984 8.655906
-14.429308 8.986617
-13.080187 9.449605
-12.373483 9.692130
-11.525453 9.983154
-10.908716 10.194804
-10.073538 10.481418
-9.405391 10.710711
-8.673008 10.962049
-7.889215 11.231029
-7.272477 11.442679
-6.463005 11.720472
-5.769153 11.958586
-5.165268 12.165825
-4.471416 12.403939
-3.636239 12.690553
-2.826766 12.968346
-2.132914 13.206460
-1.387678 13.462208
-0.770941 13.673858
0.064237 13.960472
0.848030 14.229452
1.529004 14.463147
2.274240 14.718895
3.058033 14.987875
3.803269 15.243623
4.574210 15.508193
5.203800 15.898864
5.974715 16.495924
6.719951 17.073096
7.388098 17.590564
8.248980 18.257302
8.852865 18.725000
9.713747 19.391738
10.420452 19.939067
11.139983 20.496331
11.898071 21.083457
12.566193 21.600905
13.555574 22.367163
14.236548 22.894565
14.891842 23.402079
15.611399 23.959362
16.228136 24.437014
17.230344 25.213206
18.014137 25.820240
18.733668 26.377504
19.466052 26.944722
20.134199 27.462190
20.969376 28.109020
21.624671 28.616533
22.459848 29.263363
23.205084 29.840535
24.040262 30.487365
24.708409 31.004833
25.363678 31.512327
26.070382 32.059657
26.802766 32.626875
27.727885 33.343362
29.128415 34.428048
29.770857 34.925608
30.439004 35.443076
31.222772 36.050090
31.878067 36.557604
32.649008 37.154684
33.278597 37.642290
33.972424 38.179646
34.756217 38.786679
35.424364 39.304147
36.079659 39.811661
36.786337 40.358971
37.672899 41.045597
38.263957 41.503361
38.970636 42.050671
39.638783 42.568139
40.255520 43.045791
41.052166 43.662778
41.758845 44.210088
40.872283 42.495703
40.191284 41.178823
38.957783 38.793547
38.302514 37.526423
37.634367 36.234396
36.863426 34.743593
36.208132 33.476419
35.565690 32.234099
34.846158 30.842709
34.152307 29.500976
33.574126 28.382922
32.995921 27.264819
32.045097 25.426168
31.441212 24.258408
30.721681 22.867017
29.963593 21.401067
29.334003 20.183600
28.550210 18.667943
27.792121 17.201993
26.468705 14.642842
25.749148 13.251402
25.016765 11.835158
24.258676 10.369208
23.076586 8.083345
22.177172 6.344106
21.444788 4.927863
20.712405 3.511619
19.427520 1.026979
18.579490 -0.612896
17.782845 -2.153406
17.050461 -3.569650
16.318078 -4.985894
15.444343 -6.675474
14.827606 -7.868088
14.108074 -9.259478
13.414223 -10.601212
12.733249 -11.918042
11.859514 -13.607623
11.127130 -15.023867
10.381894 -16.464964
9.713747 -17.596243
8.904275 -17.758785
8.146186 -17.911009
7.388098 -18.063234
6.642862 -18.212877
5.807685 -18.380581
5.203800 -18.501841
4.432859 -18.656646
3.674770 -18.808870
2.955239 -18.953352
2.210003 -19.102996
1.361973 -19.273280
0.706679 -19.404863
-0.077089 -19.562244
-0.822325 -19.711887
-1.631823 -19.874435
-2.338502 -20.016336
-3.058033 -20.160818
-3.751885 -20.300143
-4.394327 -20.429146
-5.447944 -20.640712
-6.758534 -20.903879
-7.375271 -21.027720
-8.236153 -21.200585
-8.955684 -21.345067
-9.636684 -21.481812
-10.459009 -21.646935
-11.191392 -21.793997
-12.052275 -21.966863
-13.362864 -22.230029
-14.082395 -22.374511
-14.801926 -22.518993
-15.778455 -22.715080
-17.140428 -22.988565
-17.834280 -23.127890
-18.592368 -23.280114
-19.350457 -23.432339
-20.108520 -23.584558
-20.763814 -23.716141
-21.431961 -23.850305
-22.292843 -24.023170
-23.089464 -24.183132
-23.796168 -24.325038
-24.464315 -24.459202
-25.273787 -24.621744
-26.096112 -24.786867
-26.674318 -24.902971
-27.470964 -25.062937
-28.126258 -25.194521
-28.730143 -25.315781
-29.770908 -25.524766
-31.017261 -25.775034
-31.826733 -25.937576
-32.507733 -26.074321
-33.214412 -26.216222
-33.921116 -26.358129
-34.614942 -26.497449
-35.257384 -26.661273
-36.182503 -27.617031
-36.799266 -28.254221
-37.454561 -28.931218
-38.212649 -29.714414
-38.932180 -30.457775
-39.857299 -31.413533
-40.988005 -32.581687
-41.733241 -33.351605
-42.388536 -34.028602
-43.069535 -34.732156
-42.439946 -33.603871
-41.848888 -32.544638
-41.142183 -31.278157
-39.818767 -28.906469
-38.533857 -26.603788
-37.814326 -25.314319
-37.171884 -24.163001
-36.452353 -22.873532
-35.758501 -21.630084
-35.026117 -20.317582
-34.383675 -19.166265
-33.689823 -17.922816
-32.983145 -16.656380
-32.250736 -15.343833
-31.428411 -13.870148
-30.734584 -12.626745
-29.950791 -11.222113
-29.166998 -9.817480
-28.498876 -8.620143
-27.869261 -7.491812
-27.072641 -6.064193
-26.365937 -4.797711
-25.684963 -3.577341
-24.888317 -2.149676
-24.220170 -0.952293
-23.436402 0.452294
-22.755403 1.672710
-22.138665 2.777963
-21.354872 4.182595
-20.609636 5.518129
-19.902957 6.407269
-19.132017 6.693697
-18.168341 7.051731
-16.934840 7.510014
-16.189604 7.786891
-15.495778 8.044668
-14.622043 8.369287
-13.966749 8.612749
-13.247218 8.880076
-12.476277 9.166504
-11.743893 9.438606
-10.870159 9.763225
-10.189185 10.016227
-9.456801 10.288329
-8.775802 10.541341
-7.837830 10.889825
-7.259625 11.104646
-6.565798 11.362423
-5.820562 11.639301
-5.075326 11.916178
-4.304386 12.202606
-3.623386 12.455618
-2.813914 12.756361
-2.145767 13.004598
-0.668147 13.553578
0.025679 13.811355
0.783768 14.093008
1.464767 14.346019
2.184298 14.613347
2.916682 14.885449
3.777564 15.205293
4.471416 15.463079
5.062449 15.788833
5.987567 16.505296
6.630010 17.002838
7.362419 17.570056
8.159039 18.187002
8.891422 18.754200
9.713747 19.391053
10.304805 19.848801
11.088573 20.455794
11.820982 21.023011
12.437720 21.500646
13.375691 22.227062
14.095222 22.784307
14.814753 23.341551
15.431516 23.819206
16.343782 24.525715
17.101871 25.112820
17.924196 25.749673
18.695111 26.346712
19.401815 26.894023
20.275525 27.570671
20.917967 28.068213
21.650376 28.635431
22.434144 29.242423
23.050881 29.720059
23.924616 30.396726
24.669852 30.973878
25.260910 31.431625
26.018973 32.018711
26.725677 32.566021
27.496592 33.163060
28.331770 33.809867
28.999917 34.327317
29.629506 34.814906
30.567478 35.541322
31.158536 35.999069
31.852362 36.536406
32.571919 37.093670
33.252893 37.621054
34.088070 38.267861
34.717660 38.755450
35.450043 39.322648
36.105338 39.830144
36.863426 40.417249
37.493016 40.904837
38.238252 41.481989
38.983488 42.059140
40.525370 43.253258
41.707460 44.168733
42.324198 44.646368
41.578962 43.205271
40.885135 41.863587
39.741577 39.652235
38.970636 38.161431
37.544426 35.403503
36.439424 33.266711
35.501453 31.452913
34.871863 30.235446
34.203716 28.943420
33.419923 27.427763
32.751801 26.135785
32.122186 24.918269
31.428360 23.576585
30.606035 21.986417
29.244061 19.352707
28.550210 18.010974
27.933472 16.818360
27.175384 15.352410
26.520089 14.085236
25.736296 12.569579
24.965381 11.078825
24.348618 9.886162
23.706176 8.643842
22.858146 7.003968
22.151467 5.637431
21.354847 4.096970
20.660995 2.755236
19.967169 1.413552
19.119139 -0.226322
18.399608 -1.617713
17.692903 -2.984299
16.909136 -4.499907
16.189579 -5.891347
15.508605 -7.208177
14.789074 -8.599568
13.915339 -10.289149
12.553366 -12.922859
11.808130 -14.363956
11.152835 -15.631130
10.356190 -17.171640
9.739452 -17.658689
8.788629 -17.848185
8.081950 -17.989023
7.388098 -18.127305
6.514389 -18.301432
5.743448 -18.455078
4.420006 -18.718835
3.713328 -18.859673
2.878150 -19.026121
2.030120 -19.195130
1.413383 -19.318043
0.616737 -19.476812
-0.128499 -19.625335
-1.554734 -19.909578
-2.338502 -20.065780
-3.070885 -20.211741
-3.764737 -20.350023
-4.484268 -20.493423
-5.229504 -20.641946
-6.013298 -20.798153
-6.732829 -20.941553
-7.362419 -21.067027
-8.441741 -21.282132
-9.019921 -21.397361
-9.662363 -21.525398
-10.420452 -21.676482
-11.075746 -21.807080
-11.910924 -21.973527
-12.604775 -22.111809
-13.375716 -22.265455
-14.043838 -22.398609
-14.660601 -22.521528
-15.560015 -22.700777
-16.305251 -22.849300
-17.101896 -23.008068
-17.680076 -23.123298
-18.528106 -23.292307
-19.337604 -23.453637
-20.095693 -23.604721
-20.776667 -23.740436
-21.650401 -23.914568
-22.331401 -24.050289
-22.986695 -24.180887
-23.693374 -24.321725
-24.502847 -24.483050
-25.209551 -24.623893
-25.864845 -24.754491
-26.725728 -24.926062
-27.445259 -25.069462
-28.126258 -25.205182
-28.871494 -25.353705
-29.565321 -25.491982
-30.336261 -25.645627
-31.171439 -25.812075
-32.392087 -26.055346
-33.278648 -26.232034
-33.882559 -26.352391
-34.679179 -26.511154
-35.411588 -26.820584
-36.131119 -27.563945
-37.416003 -28.891384
-38.109855 -29.608215
-38.752297 -30.271935
-39.536091 -31.081686
-40.307006 -31.878134
-40.975153 -32.568409
-41.656152 -33.271963
-43.043831 -34.705600
-42.414241 -33.577315
-41.733241 -32.356899
-40.564003 -30.261512
-39.857299 -28.995031
-38.508178 -26.577277
-37.904268 -25.495012
-37.248973 -24.320661
-36.542294 -23.054225
-35.797058 -21.718691
-35.167443 -20.590361
-34.422207 -19.254827
-33.728381 -18.011423
-33.008824 -16.721909
-32.109410 -15.110073
-30.785968 -12.738340
-30.040732 -11.402806
-29.308349 -10.090304
-28.601645 -8.823823
-27.779320 -7.350138
-27.085493 -6.106735
-26.301700 -4.702102
-25.466523 -3.205385
-24.130229 -0.810618
-23.462082 0.386765
-21.971610 3.057833
-21.354872 4.163085
-20.545400 5.613738
-19.825843 6.431929
-19.067780 6.713695
-18.348223 6.981148
-17.577308 7.267691
-16.896309 7.520813
-16.176777 7.788257
-15.251633 8.132126
-14.596339 8.375694
-13.979601 8.604930
-13.208660 8.891483
-12.412040 9.187580
-11.396980 9.564870
-10.240569 9.994699
-9.456801 10.286019
-8.660155 10.582126
-7.889215 10.868678
-7.118299 11.155221
-5.794858 11.647134
-4.998237 11.943232
-4.407179 12.162923
-3.494913 12.502005
-2.852471 12.740796
-2.132914 13.008249
-1.233500 13.342554
0.089941 13.834467
0.822325 14.106688
1.490472 14.355033
2.389886 14.689338
2.993796 14.913807
3.751859 15.195573
4.471416 15.463026
5.203800 15.898303
6.000420 16.515249
6.630010 17.002838
7.465187 17.649645
8.094802 18.137254
9.135542 18.943259
10.317658 19.858755
11.088573 20.455794
11.936603 21.112554
12.720396 21.719566
13.375691 22.227062
14.108074 22.794260
14.917547 23.421160
15.534284 23.898795
16.433724 24.595370
17.166107 25.162568
17.898491 25.729766
18.682284 26.336778
19.440347 26.923864
20.147051 27.471174
20.956524 28.098074
21.740317 28.705086
22.331350 29.162814
23.333558 29.938979
23.911763 30.386773
24.656999 30.963924
25.350851 31.501281
26.096087 32.078432
26.905560 32.705332
27.548002 33.202875
28.357474 33.829774
29.025621 34.347224
30.490389 35.481620
31.184240 36.018977
31.968008 36.625969
32.546214 37.073763
33.342834 37.690709
34.049538 38.238020
34.743365 38.775357
35.424364 39.302760
36.156748 39.869958
36.940515 40.476951
37.557278 40.954605
38.225400 41.472035
38.996341 42.069094
40.345462 43.113927
40.987929 43.611489
41.707460 44.168733
42.337050 44.656322
43.069434 45.223520
43.737581 45.740969
44.495669 46.328075
45.189496 46.865412
46.384439 47.790841
47.271000 48.477443
47.939147 48.994892
49.224032 49.989977
49.879326 50.497473
50.598857 51.054717
51.382651 51.661729
52.037945 52.169225
52.667535 52.656814
53.502712 53.303621
54.132302 53.791210
54.928922 54.408156
56.316601 55.482850
56.997600 56.010253
57.768541 56.607312
58.500924 57.174510
59.156219 57.682006
59.862898 58.229296
60.556724 58.766633
61.379049 58.647252
62.072901 58.467076
62.702491 58.303587
63.537668 58.086713
64.257199 57.899868
64.963904 57.716355
65.786229 57.502818
66.711347 57.262587
67.906290 56.952290
68.664353 56.755440
69.358205 56.575264
70.167678 56.365064
70.887209 56.178220
71.619593 55.988038
72.210651 55.834555
73.007271 55.627693
73.739654 55.437511
72.570416 53.176501
71.825180 51.735404
71.246975 50.617302
70.617385 49.399835
69.358205 46.964901
68.754295 45.797092
68.034764 44.405701
67.405174 43.188235
66.582849 41.598067
65.323669 39.163133
64.694054 37.945617
64.103021 36.802710
63.396343 35.436173
62.676786 34.044733
62.072901 32.876973
61.301960 31.386170
60.620986 30.069339
59.888603 28.653095
59.220456 27.361068
58.578013 26.118748
57.832777 24.677651
57.036157 23.137190
56.368010 21.845163
55.674158 20.503430
55.006037 19.211453
54.376422 17.993937
53.528417 16.354112
52.821713 14.987525
52.153591 13.695548
51.382651 12.204744
50.624562 10.738794
49.866474 9.272843
49.172647 7.931159
48.517353 6.663986
47.784969 5.247742
47.065438 3.856351
46.345907 2.464961
45.510729 0.849940
44.842582 -0.442087
44.225820 -1.634749
43.454904 -3.125504
42.812462 -4.367824
42.028669 -5.883481
41.244901 -7.399089
39.844370 -10.107359
39.111987 -11.523603
38.482397 -12.741070
37.672899 -14.306433
36.991925 -15.623264
36.118190 -17.312845
35.462896 -17.643439
34.781922 -17.729907
34.100922 -17.816379
33.368539 -17.909376
32.584746 -18.008901
31.916624 -18.093737
31.132831 -18.193262
30.503241 -18.273206
29.693768 -18.375991
28.909975 -18.475516
28.177592 -18.568513
27.445208 -18.661509
26.777061 -18.746349
25.890499 -18.858923
25.170968 -18.950288
24.489969 -19.036760
23.731880 -19.133020
22.973792 -19.229281
22.254261 -19.320646
21.431936 -19.425063
20.673847 -19.521323
20.069962 -19.598004
19.376111 -19.686108
18.540933 -19.792157
17.731461 -19.894942
16.909136 -19.999359
16.202431 -20.089095
15.521457 -20.175564
14.711959 -20.278352
13.953896 -20.374610
13.285749 -20.459450
12.373483 -20.575288
11.666779 -20.665024
10.998632 -20.749864
10.202012 -20.851017
9.469628 -20.944014
8.814333 -21.027222
7.927746 -21.139799
7.233920 -21.227899
6.424447 -21.330685
5.782005 -21.412261
5.036769 -21.506889
4.265828 -21.604782
3.520592 -21.699411
2.801061 -21.790775
2.081505 -21.882143
1.246327 -21.988192
0.449707 -22.089346
-0.256972 -22.179078
-0.989381 -22.272078
-1.786001 -22.373232
-2.454148 -22.458072
-3.250768 -22.559225
-3.996004 -22.653853
-4.754093 -22.750114
-5.627827 -22.861059
-6.912712 -23.024211
-7.657948 -23.118840
-9.186977 -23.312993
-9.855098 -23.397830
-10.677449 -23.502250
-12.129364 -23.686612
-12.900304 -23.784504
-13.517042 -23.862816
-14.390776 -23.973762
-15.020366 -24.053706
-15.881248 -24.163019
-16.587927 -24.252751
-17.256074 -24.337591
-18.014163 -24.433852
-18.707989 -24.521953
-19.633108 -24.639423
-20.288402 -24.722631
-20.995107 -24.812367
-21.714638 -24.903731
-23.282199 -25.102777
-23.988903 -25.192513
-24.695582 -25.282246
-25.338024 -25.363822
-26.160374 -25.468242
-26.841348 -25.554711
-27.650846 -25.657500
-28.408935 -25.753760
-29.115614 -25.843493
-29.899407 -25.943017
-30.516144 -26.021330
-31.325617 -26.124115
-31.980911 -26.207323
-32.700468 -26.298691
-33.497088 -26.399844
-34.088146 -26.474895
-34.974708 -26.587469
-35.604323 -27.019702
-37.030533 -28.493147
-37.685828 -29.170144
-38.443916 -29.953340
-39.112063 -30.643615
-39.831594 -31.386977
-40.615387 -32.196729
-41.244977 -32.847170
-41.990213 -33.617087
-42.748302 -34.400283
-43.429301 -35.103836
-44.727038 -36.444553
-45.523683 -37.267583
-46.731479 -38.515379
-47.399626 -39.205655
-48.042068 -39.869374
-48.735894 -40.586179
-49.583924 -41.462295
-50.958775 -42.882680
-52.205103 -44.170285
-52.963191 -44.953480
-53.618486 -45.630478
-54.273780 -46.307475
-54.929075 -46.984472
-55.751425 -47.834058
-56.406720 -48.511056
-57.087694 -49.214583
-57.845782 -49.997778
-58.513929 -50.688054
-59.207781 -51.404885
-59.953017 -52.174803
-60.608312 -52.851800
-61.430637 -53.701360
-62.008842 -54.206741
-62.908282 -53.962662
-63.512167 -53.412626
-64.270255 -52.722136
-65.002639 -52.055058
-66.505963 -50.685785
-67.199815 -50.053803
-67.842257 -49.468648
-68.664582 -48.719649
-69.242788 -48.193002
-70.013728 -47.490805
-70.887463 -46.694981
-71.555610 -46.053883
-72.403640 -45.194540
-73.161728 -44.426339
-73.778466 -43.801374
-74.523702 -43.046196
-73.906964 -41.982424
-72.853347 -40.165105
-72.236609 -39.101334
-71.594142 -37.993182
-70.476288 -36.065065
-69.808141 -34.912621
-69.062905 -33.627210
-67.945051 -31.699093
-67.186962 -30.391514
-66.518815 -29.239069
-65.927757 -28.219591
-65.156842 -26.889887
-64.565784 -25.870408
-63.897637 -24.717963
-63.306579 -23.698484
-62.265814 -21.903334
-61.135108 -19.953050
-60.338487 -18.579009
-59.644636 -17.382228
-58.809458 -15.941683
-57.421780 -13.548164
-56.239664 -11.509206
-55.288866 -9.869234
-54.646398 -8.761082
-53.978277 -7.608681
-53.310130 -6.456236
-52.603425 -5.237286
-51.639749 -3.575102
-50.406275 -1.447558
-49.519688 0.081660
-48.633126 1.610834
-47.386773 3.760590
-46.808568 4.757900
-46.011922 6.131984
-45.253859 6.422229
-43.801919 6.679541
-43.133772 6.797950
-41.733241 7.046152
-40.975153 7.180500
-40.319858 7.296631
-39.587475 7.426424
-38.842239 7.558495
-38.045593 7.699676
-37.248973 7.840853
-36.542294 7.966090
-35.822738 8.093610
-34.897619 8.257559
-34.319413 8.360029
-33.561325 8.494377
-32.803262 8.628721
-31.968059 8.776735
-31.274233 8.899695
-30.580381 9.022660
-29.860850 9.150175
-29.012820 9.300462
-28.203347 9.443917
-27.470964 9.573710
-26.815669 9.689841
-26.057581 9.824189
-25.415138 9.938043
-24.515699 10.097441
-23.796168 10.224956
-23.038079 10.359305
-22.344228 10.482269
-21.534755 10.625723
-20.776667 10.760072
-20.121372 10.876203
-19.311899 11.019657
-18.540959 11.156283
-17.628692 11.317955
-16.305251 11.552495
-15.637104 11.670904
-14.750542 11.828020
-14.069543 11.948707
-13.337159 12.078500
-12.630480 12.203737
-11.820982 12.347196
-11.062894 12.481544
-10.253421 12.624999
-9.598127 12.741130
-8.929980 12.859539
-8.133359 13.000716
-7.298182 13.148726
-6.617183 13.269413
-5.923356 13.392372
-5.255209 13.510781
-4.368622 13.667902
-3.700475 13.786311
-3.070885 13.897887
-2.248560 14.043619
-1.593266 14.159750
-0.835177 14.294098
-0.025705 14.437553
0.822325 14.587841
1.426210 14.694861
2.158619 14.824658
2.891003 14.954451
3.790417 15.113845
4.484268 15.236809
5.190947 15.362047
5.871947 15.482733
6.630010 15.669223
7.388098 15.981560
8.197596 16.315078
8.865718 16.590349
9.572422 16.881515
10.613187 17.310317
11.949455 17.860868
12.720396 18.178501
13.337134 18.432601
14.262252 18.813755
15.020341 19.126093
15.739872 19.422544
16.536518 19.750767
17.256049 20.047219
18.065521 20.380726
18.836462 20.698359
19.658787 21.037162
20.301229 21.301852
21.136407 21.645951
21.894495 21.958288
22.575495 22.238864
23.410672 22.582962
24.284381 22.942936
24.913971 23.202331
25.710617 23.530554
26.430148 23.827006
27.201089 24.144638
27.869210 24.419908
28.627299 24.732246
29.359682 25.033992
30.040682 25.314569
30.721681 25.595145
31.595390 25.955118
32.289242 26.240990
33.047305 26.553316
33.754009 26.844483
34.512098 27.156820
35.424364 27.532680
36.773485 28.088526
37.467337 28.374398
38.276809 28.707905
39.009193 29.009652
39.703019 29.295513
40.461108 29.607850
41.065018 29.856665
41.861638 30.184878
42.671111 30.518386
43.364963 30.804257
44.097346 31.106004
44.701231 31.354808
45.562114 31.709497
46.397291 32.053595
47.733560 32.604147
48.440264 32.895313
49.262589 33.234116
49.943588 33.514692
50.663119 33.811144
51.408355 34.118186
51.999388 34.361695
52.898802 34.732259
53.605506 35.023426
54.273653 35.298707
54.877538 35.547511
55.892598 35.965722
54.916095 34.148283
54.260801 32.928667
53.669743 31.828607
52.924507 30.441595
51.601091 27.978490
50.868682 26.615351
50.290501 25.539259
49.326825 23.745692
48.054793 21.378223
47.425204 20.206448
46.679968 18.819436
45.664907 16.930235
45.086702 15.854095
43.737581 13.343149
43.005197 11.980058
42.324198 10.712601
41.617519 9.397350
40.885135 8.034259
40.127047 6.623326
39.458900 5.379790
38.713664 3.992778
37.968428 2.605766
37.184660 1.147040
36.439424 -0.239972
35.796982 -1.435668
34.987484 -2.942282
34.306510 -4.209692
33.728304 -4.604827
32.918832 -4.734710
32.122186 -4.862534
31.441212 -4.971799
30.644567 -5.099624
29.989272 -5.204769
29.218357 -5.328465
28.563062 -5.433609
27.804974 -5.555248
27.072590 -5.672761
26.391591 -5.782030
25.710617 -5.891295
24.772645 -6.041796
24.181587 -6.136634
23.307878 -6.276824
22.691115 -6.375786
22.022968 -6.482992
21.110702 -6.629369
20.442580 -6.736572
19.684492 -6.858210
19.067729 -6.957172
18.091226 -7.113855
17.345990 -7.233431
16.587902 -7.355070
15.855518 -7.472583
15.161692 -7.583910
14.146606 -7.746785
12.810338 -7.961194
12.013692 -8.089019
10.536072 -8.326109
9.816541 -8.441560
9.045600 -8.565261
8.377479 -8.672463
7.696479 -8.781732
6.771361 -8.930171
6.103214 -9.037378
5.306593 -9.165199
4.715535 -9.260036
3.713328 -9.420844
3.045181 -9.528051
2.274240 -9.651751
1.618945 -9.756896
0.758088 -9.895023
0.025679 -10.012541
-0.693852 -10.127993
-1.516177 -10.259938
-2.171471 -10.365083
-2.929560 -10.486721
-3.674796 -10.606297
-4.445711 -10.729993
-5.229504 -10.855756
-5.833415 -10.952655
-6.591478 -11.074289
-7.362419 -11.197990
-8.146212 -11.323752
-8.955684 -11.453635
-9.533890 -11.546411
-10.343363 -11.676294
-11.101451 -11.797932
-11.769598 -11.905139
-12.604775 -12.039146
-13.542747 -12.189647
-14.789074 -12.389625
-15.521483 -12.507143
-16.472281 -12.659702
-17.294631 -12.791651
-17.924221 -12.892671
-18.566663 -12.995754
-19.466077 -13.140068
-20.082840 -13.239030
-20.956549 -13.379220
-21.611844 -13.484364
-22.369932 -13.606003
-23.076637 -13.719396
-23.911814 -13.853403
-24.605640 -13.964730
-25.350876 -14.084306
-26.134670 -14.210069
-26.789964 -14.315214
-27.715083 -14.463652
-28.434614 -14.579104
-29.192703 -14.700742
-29.873702 -14.810011
-30.631790 -14.931649
-31.723940 -15.106889
-32.867498 -15.290377
-33.625587 -15.412015
-34.255177 -15.513035
-35.077502 -15.644981
-35.797058 -15.760436
-36.555121 -15.882070
-37.261825 -15.995464
-37.942825 -16.104733
-38.790855 -16.240802
-39.523238 -16.358316
-40.332711 -16.488199
-40.910916 -16.580974
-41.527654 -16.679932
-42.529887 -16.840744
-43.185182 -16.945889
-43.866156 -17.055154
-44.727038 -17.193285
-45.472274 -17.312861
-46.166126 -17.424193
-46.847125 -17.643004
-47.463862 -17.959702
-48.286187 -18.381970
-48.941482 -18.718466
-49.725275 -19.120948
-50.380570 -19.457445
-51.164363 -19.859926
-52.423543 -20.506521
-53.335809 -20.974974
-53.914015 -21.271885
-54.556457 -21.601782
-55.430191 -22.050449
-56.753633 -22.730042
-56.085486 -21.577597
-55.455896 -20.491657
-54.260953 -18.430575
-53.515692 -17.145120
-52.847570 -15.992719
-52.115161 -14.729433
-51.524129 -13.709998
-50.843129 -12.535385
-50.020804 -11.117008
-48.735894 -8.900748
-48.003511 -7.637505
-47.296832 -6.418599
-46.615833 -5.243986
-45.921981 -4.047205
-45.215302 -2.828299
-44.521450 -1.631517
-43.801919 -0.390443
-43.069535 0.872800
-42.388536 2.047413
-41.476270 3.620924
-40.152828 5.903645
-39.369035 6.415847
-38.739445 6.541850
-37.981357 6.693571
-37.223268 6.845291
-36.478032 6.994439
-35.771353 7.135871
-35.000413 7.290163
-34.370823 7.416167
-33.587030 7.573031
-32.751852 7.740180
-32.070853 7.876472
-31.364174 8.017904
-30.516144 8.187625
-29.886554 8.313628
-29.192703 8.452492
-28.434614 8.604213
-27.637994 8.763645
-27.034084 8.884508
-26.031876 9.085086
-25.363729 9.218806
-24.644198 9.362809
-23.988903 9.493957
-23.217962 9.648250
-22.421342 9.807682
-21.663254 9.959402
-20.879460 10.116267
-20.198461 10.252559
-19.350457 10.422275
-18.630900 10.566284
-17.949926 10.702571
-17.178985 10.856863
-16.485133 10.995728
-15.482926 11.196305
-14.827631 11.327453
-14.069543 11.479173
-13.414248 11.610321
-12.579071 11.777469
-11.820982 11.929190
-11.165688 12.060338
-10.433304 12.206913
-9.778009 12.338061
-8.968537 12.500065
-8.146212 12.664642
-7.465212 12.800934
-6.797065 12.934654
-6.064682 13.081230
-5.229504 13.248378
-4.522826 13.389810
-3.854679 13.523530
-3.083738 13.677822
-2.364207 13.821826
-1.580413 13.978691
-0.796646 14.135551
-0.064262 14.282127
0.603885 14.415847
2.068678 14.709004
2.839593 14.863291
3.636239 15.022728
4.432859 15.182160
5.242331 15.344164
5.833389 15.462456
6.578625 15.647772
7.323861 15.954809
8.274685 16.346547
8.891422 16.600642
9.572422 16.881213
10.343337 17.198830
11.075746 17.500582
11.846662 17.818198
12.617602 18.135825
13.337134 18.432271
14.056665 18.728717
14.917547 19.083400
15.714193 19.411617
16.369462 19.681587
17.204639 20.025679
17.949875 20.332716
19.491757 20.967969
20.249845 21.280301
20.930819 21.560862
21.804554 21.920839
22.498380 22.206695
23.256469 22.519027
24.091646 22.863119
24.734088 23.127804
25.556413 23.466602
26.481532 23.847750
27.804974 24.393006
28.473121 24.668282
30.092066 25.335286
31.544006 25.933484
32.250685 26.224635
33.754009 26.844003
34.499245 27.151039
35.090278 27.394544
35.835514 27.701581
36.670691 28.045673
37.428780 28.358004
38.186868 28.670336
38.893547 28.961487
39.561694 29.236763
40.486813 29.617911
41.090698 29.866711
41.797402 30.157872
42.658259 30.512544
44.071642 31.094857
44.739789 31.370133
45.395083 31.640113
46.178851 31.963025
46.949792 32.280652
47.669323 32.577098
48.453116 32.900020
49.108411 33.170001
49.943588 33.514093
50.624562 33.794653
51.305562 34.075224
52.050798 34.382261
52.796034 34.689297
53.541270 34.996334
54.196539 35.266304
54.890391 35.552170
55.751273 35.906853
56.380863 36.166243
55.507128 34.540073
54.916095 33.440060
54.260801 32.220445
53.477008 30.761671
52.192123 28.370281
51.549681 27.174585
50.881534 25.931049
50.072061 24.424482
49.455324 23.276628
48.684383 21.841775
48.054793 20.670000
47.309557 19.282988
46.602879 17.967737
45.806233 16.485043
45.099554 15.169793
44.444260 13.950177
43.737581 12.634927
42.966640 11.200074
42.247109 9.860903
41.553257 8.569525
40.808021 7.182513
39.985696 5.652025
38.559486 2.997604
37.852782 1.682306
37.184660 0.438817
36.285221 -1.235194
35.668483 -2.383048
35.013189 -3.602664
34.242248 -4.583218
33.664068 -4.675554
32.854570 -4.804831
32.057950 -4.932051
31.402655 -5.036702
30.490389 -5.182392
29.835094 -5.287042
29.115563 -5.401952
28.460268 -5.506603
27.702180 -5.627670
27.072590 -5.728216
26.147471 -5.875958
25.479324 -5.982661
24.721236 -6.103728
24.053114 -6.210427
23.384967 -6.317131
22.601174 -6.442303
21.830259 -6.565418
21.046465 -6.690590
20.314082 -6.807552
19.620230 -6.918361
18.849315 -7.041476
18.052669 -7.168701
17.294606 -7.289764
16.575049 -7.404678
15.739872 -7.538056
15.046046 -7.648860
14.223721 -7.780186
13.555574 -7.886889
12.771780 -8.012061
11.988013 -8.137229
11.204219 -8.262402
10.587482 -8.360895
9.726600 -8.498378
9.084158 -8.600976
8.197596 -8.742561
7.452360 -8.861575
6.681419 -8.984695
6.013272 -9.091398
5.242331 -9.214518
4.471416 -9.337633
3.816121 -9.442284
3.006623 -9.571561
2.145767 -9.709041
1.541856 -9.805485
0.680974 -9.942969
-0.038557 -10.057878
-0.732384 -10.168683
-1.606118 -10.308218
-2.312797 -10.421075
-3.019501 -10.533936
-3.803269 -10.659104
-4.509973 -10.771965
-5.512181 -10.932018
-6.707124 -11.122851
-7.439508 -11.239813
-8.030566 -11.334206
-9.032773 -11.494259
-9.675216 -11.596857
-10.433304 -11.717924
-11.101451 -11.824627
-11.743893 -11.927226
-12.656160 -12.072915
-13.401396 -12.191930
-14.172336 -12.315049
-14.866188 -12.425858
-15.855544 -12.583858
-16.575075 -12.698768
-17.230369 -12.803418
-17.962753 -12.920380
-18.643752 -13.029136
-19.581724 -13.178931
-20.301255 -13.293840
-20.943697 -13.396438
-21.766047 -13.527768
-22.421342 -13.632419
-23.217962 -13.759640
-24.001755 -13.884812
-24.901169 -14.028449
-26.237463 -14.241855
-26.995552 -14.362922
-27.727935 -14.479884
-28.460319 -14.596846
-29.089909 -14.697392
-30.002175 -14.843082
-30.721732 -14.957995
-31.531204 -15.087268
-32.173647 -15.189867
-33.047381 -15.329402
-33.754060 -15.442259
-34.435059 -15.551015
-35.180295 -15.670030
-35.874147 -15.780838
-36.580826 -15.893695
-37.390299 -16.022968
-38.007061 -16.121466
-38.970737 -16.275365
-39.574622 -16.371806
-40.551151 -16.527758
-41.180741 -16.628304
-41.861740 -16.737059
-42.594124 -16.854021
-43.326507 -16.970983
-43.917565 -17.065376
-44.701333 -17.190544
-45.497979 -17.317768
-46.089037 -17.412161
-46.808568 -17.623205
-47.643745 -18.052073
-48.221951 -18.348984
-49.005744 -18.751465
-49.661039 -19.087962
-50.419102 -19.477231
-51.164363 -19.859926
-51.896747 -20.236008
-52.539189 -20.565906
-53.387219 -21.001373
-54.016808 -21.324670
-54.672103 -21.661167
-55.468749 -22.070248
-56.124043 -22.406745
-56.894984 -22.802627
-56.072634 -21.384206
-55.417339 -20.253929
-54.235248 -18.215015
-53.567101 -17.062571
-52.873250 -15.865789
-52.140866 -14.602547
-51.511276 -13.516607
-50.791745 -12.275532
-50.213539 -11.278222
-49.468303 -9.992811
-48.723067 -8.707400
-48.042068 -7.532787
-47.296832 -6.247376
-46.667217 -5.161392
-45.138213 -2.524110
-44.560007 -1.526799
-43.737682 -0.108422
-43.056683 1.066191
-42.465625 2.085670
-41.579063 3.614844
-40.859507 4.855962
-40.114271 6.141373
-39.446149 6.420036
-38.623799 6.584265
-37.878563 6.733095
-37.223268 6.863962
-36.413796 7.025620
-35.822738 7.143659
-35.000413 7.307883
-34.255177 7.456712
-33.587030 7.590146
-32.739000 7.759504
-31.222823 8.062296
-30.606086 8.185463
-29.950791 8.316331
-29.154171 8.475422
-28.383230 8.629384
-27.650846 8.775647
-26.828496 8.939877
-26.096112 9.086139
-25.376581 9.229835
-24.489994 9.406893
-23.898962 9.524927
-23.140873 9.676323
-22.421342 9.820018
-21.740343 9.956019
-20.789519 10.145906
-19.401841 10.423036
-18.630900 10.576998
-17.859959 10.730961
-17.153280 10.872090
-16.395192 11.023486
-15.547162 11.192844
-14.930425 11.316011
-14.043838 11.493069
-13.285775 11.644460
-12.694717 11.762499
-11.808130 11.939557
-11.229950 12.055024
-10.330510 12.234649
-9.610979 12.378345
-8.955684 12.509212
-8.184744 12.663175
-7.516597 12.796609
-6.694272 12.960833
-5.949036 13.109663
-5.293741 13.240530
-4.535653 13.391926
-3.867531 13.525355
-3.045206 13.689579
-2.338502 13.830713
-1.606118 13.976976
-0.976528 14.102710
-0.192735 14.259239
0.629590 14.423464
1.439062 14.585122
2.068678 14.710860
2.903855 14.877652
3.649091 15.026481
4.381475 15.172744
5.190947 15.334401
5.820537 15.460135
6.514389 15.621307
7.336714 15.960104
8.056245 16.256550
8.865718 16.590052
9.521012 16.860033
10.202012 17.140604
11.062894 17.495286
11.859514 17.823493
12.514809 18.093474
13.401370 18.458736
14.030985 18.718137
14.866163 19.062229
15.688488 19.401026
16.343782 19.671007
17.166107 20.009804
18.026990 20.364487
18.746521 20.660933
19.427520 20.941504
20.224140 21.269711
21.007908 21.592622
21.830259 21.931430
22.511233 22.211990
23.230764 22.508436
24.117351 22.873709
24.849734 23.175451
25.530734 23.456022
26.365911 23.800114
27.021206 24.070095
27.856383 24.414187
28.537357 24.694747
29.244061 24.985909
29.989272 25.292935
30.657419 25.568211
31.505449 25.917598
32.237832 26.219339
33.047305 26.552841
33.728304 26.833412
34.396451 27.108688
35.270161 27.468656
35.874071 27.717466
36.670691 28.045673
37.415927 28.352709
38.238252 28.691506
38.906399 28.966782
39.613078 29.257933
40.294077 29.538504
41.244901 29.930243
41.938727 30.216098
42.671111 30.517840
43.364963 30.803706
44.045937 31.084266
44.842582 31.412484
45.703439 31.767156
47.065438 32.328298
47.746412 32.608858
48.504500 32.921190
49.198352 33.207056
49.917883 33.503502
50.650267 33.805244
51.382651 34.106985
52.153591 34.424612
52.796034 34.689297
53.502712 34.980448
54.183712 35.261019
55.070273 35.626282
55.969687 35.996840
57.113246 36.467985
57.819925 36.759136
58.513777 37.045002
59.271840 37.357323
59.939987 37.632599
60.633839 37.918465
61.327665 38.204321
62.098606 38.521948
62.805285 38.813099
63.486284 39.093670
64.154406 39.368935
64.745464 39.612450
65.542084 39.940657
66.313025 40.258284
66.929762 40.512379
67.674998 40.819416
68.330293 41.089396
69.126913 41.417603
69.795060 41.692879
70.463207 41.968155
71.272679 42.301657
71.850885 42.539877
72.660358 42.873379
73.508387 43.222766
74.716183 43.720377
75.589892 44.080344
76.913334 44.625600
77.658570 44.932637
79.174721 45.557290
80.523842 46.113126
81.217694 45.878661
82.027166 44.430697
82.682461 43.258523
83.427697 41.925464
84.185785 40.569415
84.853907 39.374296
85.868967 37.558583
86.472878 36.478323
87.102467 35.352129
87.950497 33.835195
89.518033 31.031228
90.211885 29.790084
90.944268 28.480015
91.715209 27.100976
92.331946 25.997772
91.162708 23.821619
90.571650 22.721558
89.967765 21.597625
88.785649 19.397504
88.104675 18.130095
86.652760 15.427832
85.997466 14.208216
85.355024 13.012521
84.018730 10.525449
83.389140 9.353674
82.669609 8.014503
82.065724 6.890570
81.230546 5.336161
80.600956 4.164387
79.804311 2.681692
79.213278 1.581679
78.352396 -0.020570
77.620012 -1.383662
76.309423 -3.822893
75.641302 -4.570437
74.998834 -4.638340
74.099420 -4.733401
73.495535 -4.797227
72.814536 -4.869203
72.082152 -4.946610
71.491119 -5.009077
70.707326 -5.091918
69.936411 -5.173397
69.242559 -5.246732
68.625822 -5.311916
67.674998 -5.412410
66.955467 -5.488459
66.261615 -5.561794
65.477847 -5.644631
64.784021 -5.717963
63.948843 -5.806235
63.306401 -5.874136
62.638254 -5.944753
61.893018 -6.023519
61.186339 -6.098209
60.286900 -6.193272
59.670163 -6.258457
58.989163 -6.330433
58.115454 -6.422777
57.511544 -6.486605
56.792012 -6.562654
56.033924 -6.642778
55.301540 -6.720185
53.811094 -6.877713
53.130094 -6.949689
52.449095 -7.021665
51.613918 -7.109936
50.162003 -7.263392
49.301121 -7.354380
48.632999 -7.424995
47.900615 -7.502402
47.155379 -7.581168
46.384439 -7.662650
45.574966 -7.748205
44.816878 -7.828328
44.123051 -7.901660
43.172228 -8.002155
41.874491 -8.139315
41.142107 -8.216722
40.409724 -8.294129
39.664488 -8.372894
38.880694 -8.455735
38.161163 -8.531783
37.441632 -8.607832
36.645012 -8.692028
35.822661 -8.778944
35.154540 -8.849559
34.422156 -8.926966
33.766862 -8.996225
32.905979 -9.087214
32.173596 -9.164621
31.479744 -9.237955
30.657419 -9.324868
29.950740 -9.399559
29.154095 -9.483758
28.447416 -9.558448
27.715032 -9.635855
26.982649 -9.713262
26.070382 -9.809681
25.479324 -9.872151
24.644147 -9.960422
23.950320 -10.033754
23.333558 -10.098941
22.318497 -10.206225
21.688908 -10.272767
20.956524 -10.350174
20.211288 -10.428940
19.504609 -10.503630
18.720816 -10.586470
17.937048 -10.669308
17.076166 -10.760297
16.433724 -10.828198
15.482900 -10.928692
14.840458 -10.996593
14.133779 -11.071283
13.375691 -11.151407
12.489104 -11.245112
11.589690 -11.340173
10.369042 -11.469185
9.482480 -11.562888
8.865718 -11.628074
7.850657 -11.735358
7.272477 -11.796467
6.527241 -11.875232
5.756300 -11.956715
5.088153 -12.027332
4.265828 -12.114245
3.494888 -12.195728
2.813888 -12.267704
2.132914 -12.339677
1.361973 -12.421159
0.501091 -12.512148
-0.205588 -12.586838
-1.079322 -12.679185
-1.824558 -12.757950
-2.659736 -12.846221
-3.237916 -12.907330
-4.098798 -12.998319
-4.741240 -13.066220
-5.447944 -13.140912
-6.206033 -13.221036
-6.925564 -13.297085
-7.799273 -13.389429
-8.377479 -13.450541
-9.161272 -13.533381
-10.009302 -13.623011
-10.664596 -13.692270
-11.422685 -13.772394
-12.103659 -13.844368
-13.080187 -13.947579
-13.786866 -14.022269
-14.480718 -14.095603
-15.238806 -14.175727
-15.945485 -14.250417
-16.844899 -14.345478
-17.474514 -14.412023
-18.219750 -14.490789
-19.029223 -14.576343
-19.710222 -14.648320
-20.571079 -14.739305
-21.239226 -14.809923
-21.971610 -14.887330
-22.626904 -14.956589
-23.513491 -15.050294
-24.374373 -15.141283
-25.055347 -15.213256
-25.710642 -15.282515
-27.393849 -15.460417
-28.113406 -15.536468
-28.845789 -15.613875
-29.501084 -15.683134
-30.426203 -15.780912
-31.055793 -15.847454
-31.762497 -15.922147
-32.584822 -16.009060
-33.381442 -16.093257
-34.049589 -16.163874
-34.743441 -16.237209
-35.565766 -16.324122
-36.311002 -16.402887
-36.914912 -16.466716
-37.878563 -16.568566
-38.508178 -16.635111
-39.330503 -16.722024
-40.062887 -16.799431
-41.501974 -16.951531
-42.195801 -17.024863
-42.992446 -17.109062
-43.647741 -17.178321
-44.482918 -17.266593
-45.189597 -17.341283
-45.909154 -17.417334
-46.641537 -17.537434
-47.258275 -17.854132
-48.003511 -18.236814
-48.748747 -18.619496
-49.429746 -18.969192
-50.213539 -19.371674
-50.907366 -19.727957
-51.626922 -20.097453
-52.372158 -20.480135
-53.014601 -20.810032
-53.862630 -21.245499
-54.453688 -21.549010
-55.198924 -21.931692
-55.957013 -22.320974
-56.663692 -22.683857
-57.408928 -23.066539
-58.141311 -23.442621
-58.758074 -23.759332
-59.528989 -24.155201
-60.274251 -24.537896
-61.058019 -24.940364
-61.854664 -25.349445
-63.190958 -26.035638
-64.038988 -26.471106
-64.758519 -26.840588
-66.030551 -27.493783
-66.737255 -27.856678
-67.546728 -28.272346
-68.394758 -28.707814
-69.641110 -29.347821
-70.463435 -29.770089
-71.144435 -30.119786
-71.889671 -30.502468
-72.609227 -30.871963
-73.200260 -31.175461
-73.996906 -31.584542
-74.703584 -31.947425
-75.513082 -32.363106
-76.245466 -32.739189
-76.964997 -33.108671
-77.800200 -33.537552
-78.468322 -33.880635
-79.239262 -34.276517
-79.856025 -34.593228
-80.704055 -35.028695
-81.385054 -35.378391
-82.323026 -35.126290
-82.939763 -34.501619
-83.723556 -33.707743
-84.481645 -32.939903
-85.188323 -32.224134
-85.972117 -31.430258
-86.743057 -30.649400
-87.552530 -29.829514
-88.233529 -29.139755
-89.325704 -28.033530
-89.916737 -27.434895
-90.790471 -26.549921
-91.754147 -25.573848
-92.396589 -24.923142
-93.308856 -23.999140
-94.054117 -23.244292
-94.747944 -22.541540
-94.118354 -22.391754
-93.488764 -22.241968
-92.782060 -22.073835
-92.126765 -21.917934
-90.726235 -21.584733
-90.032383 -21.419658
-89.325704 -21.251532
-88.670384 -21.095624
-87.835207 -20.896927
-87.218469 -20.750198
-86.550322 -20.591239
-85.843618 -20.423106
-85.239733 -20.279436
-84.417383 -20.083790
-83.672147 -19.906490
-83.016852 -19.750589
-82.297321 -19.579405
-81.603469 -19.414330
-80.781144 -19.218690
-80.164381 -19.071956
-79.470555 -18.906887
-78.686762 -18.720415
-77.967230 -18.549230
-77.234847 -18.374989
-76.425349 -18.182400
-75.808611 -18.035672
-75.089055 -17.864482
-74.151084 -17.641329
-73.470084 -17.479312
-72.776258 -17.314243
-72.120963 -17.158341
-71.182992 -16.935188
-70.527697 -16.779287
-69.718199 -16.586699
-69.050052 -16.427739
-68.369078 -16.265728
-67.341140 -16.021171
-66.017724 -15.706316
-65.259636 -15.525959
-63.666370 -15.146904
-63.023902 -14.994054
-62.252987 -14.810645
-61.482046 -14.627230
-60.685401 -14.437700
-60.068663 -14.290972
-59.246338 -14.095332
-58.501077 -13.918026
-57.781546 -13.746842
-56.882132 -13.532862
-55.558690 -13.218001
-54.826306 -13.043759
-53.335809 -12.689154
-52.603425 -12.514912
-51.909599 -12.349844
-51.112953 -12.160313
-50.496216 -12.013585
-49.661039 -11.814887
-48.787304 -11.607017
-48.132009 -11.451115
-47.502420 -11.301329
-46.577275 -11.081227
-45.960538 -10.934499
-45.163918 -10.744975
-44.508598 -10.589067
-43.789067 -10.417883
-42.928184 -10.213070
-42.272890 -10.057168
-41.501974 -9.873760
-40.718181 -9.687287
-39.908709 -9.494705
-39.189152 -9.323515
-38.533857 -9.167613
-37.724385 -8.975031
-36.914912 -8.782449
-36.118267 -8.592918
-35.450120 -8.433959
-34.769120 -8.271942
-33.908263 -8.067135
-32.443471 -7.718646
-31.608293 -7.519948
-30.991556 -7.373220
-30.182083 -7.180638
-29.462527 -7.009447
-28.665907 -6.819923
-27.946350 -6.648733
-27.175435 -6.465324
-26.404494 -6.281909
-25.633553 -6.098494
-24.875465 -5.918137
-24.065992 -5.725555
-23.372140 -5.560480
-22.472726 -5.346500
-21.740343 -5.172258
-21.085048 -5.016356
-20.352664 -4.842115
-19.594576 -4.661757
-18.836488 -4.481400
-18.001310 -4.282702
-17.294631 -4.114576
-16.536543 -3.934219
-15.945485 -3.793600
-15.097455 -3.591845
-14.300835 -3.402320
-13.465658 -3.203623
-12.681864 -3.017150
-11.910924 -2.833735
-11.140008 -2.650326
-10.433304 -2.482194
-9.700920 -2.307952
-8.955684 -2.130652
-8.210448 -1.953353
-7.413828 -1.763828
-6.707124 -1.595696
-6.000445 -1.427570
-5.255209 -1.250270
-4.535653 -1.079080
-3.777590 -0.898729
-3.032354 -0.721429
-2.274265 -0.541072
-1.606118 -0.382113
-0.873735 -0.207871
0.012852 0.001965
0.706679 0.108041
1.374826 0.210191
2.042973 0.312341
3.045181 0.465564
3.790417 0.579499
4.574210 0.699330
5.319446 0.813265
6.681419 1.021491
7.452360 1.139357
8.159039 1.247398
9.032773 1.380979
10.446131 1.597061
11.255629 1.720821
12.065102 1.844578
12.694691 1.940833
13.606958 2.080305
14.352194 2.194241
15.123135 2.312106
15.855518 2.424077
16.819194 2.571409
17.410227 2.661769
18.206872 2.783565
19.042050 2.911251
19.774433 3.023222
20.429728 3.123407
21.277758 3.253058
21.945879 3.355204
22.806762 3.486820
23.577702 3.604686
24.310086 3.716657
24.991060 3.820768
25.787706 3.942563
26.507237 4.052569
27.303857 4.174360
28.036266 4.286335
28.820034 4.406162
29.501033 4.510277
30.207712 4.618317
31.042889 4.746004
31.788125 4.859939
32.597598 4.983696
33.329982 5.095667
34.100922 5.213532
35.013189 5.353004
36.285221 5.547480
36.979073 5.653559
37.711456 5.765530
38.572338 5.897146
39.253312 6.001257
40.101342 6.130909
40.782342 6.235024
41.463316 6.339135
42.311345 6.468786
43.030877 6.578792
43.840375 6.702552
44.508496 6.804698
45.510729 6.957925
46.885555 7.168116
47.579382 7.274192
48.324618 7.388127
49.211179 7.523670
50.688799 7.749576
51.459740 7.867442
52.115034 7.967627
52.924507 8.091383
53.772537 8.221034
54.427831 8.321219
55.237304 8.444976
56.072481 8.572662
56.676392 8.664991
57.601485 8.806425
58.205395 8.898754
59.785809 9.140376
60.453956 9.242526
61.263428 9.366282
62.034344 9.484144
62.676786 9.582364
63.473432 9.704159
64.270052 9.825951
65.002435 9.937922
65.734819 10.049892
66.480055 10.163828
67.238143 10.279729
67.944822 10.387770
68.882793 10.531172
70.309003 10.749218
70.990003 10.853333
70.026352 9.059814
69.268264 7.648882
68.574412 6.357504
67.816349 4.946619
67.173907 3.750924
66.364409 2.244309
65.683435 0.976900
64.989583 -0.314478
64.257199 -1.677569
63.679019 -2.753662
62.843842 -4.308070
62.008664 -4.549807
61.314813 -4.560613
60.556724 -4.572420
59.888603 -4.582825
58.989163 -4.596833
57.691452 -4.617044
56.946216 -4.628650
56.136718 -4.641257
55.352950 -4.653464
54.684803 -4.663870
53.926715 -4.675676
53.168652 -4.687483
52.320622 -4.700690
51.678180 -4.710695
50.855855 -4.723502
50.251944 -4.732908
49.506708 -4.744514
48.620147 -4.758322
47.926295 -4.769128
47.129675 -4.781534
46.371586 -4.793341
45.562114 -4.805948
44.932524 -4.815753
44.161583 -4.827760
43.403495 -4.839567
42.735373 -4.849972
41.835934 -4.863980
41.180639 -4.874186
40.499665 -4.884791
39.690192 -4.897398
38.829310 -4.910806
38.058369 -4.922812
37.403075 -4.933018
36.645012 -4.944824
35.861219 -4.957031
34.486393 -4.978443
33.741157 -4.990049
32.995921 -5.001656
32.224980 -5.013662
30.747360 -5.036675
29.950740 -5.049082
29.295446 -5.059287
28.498825 -5.071694
26.995501 -5.095107
26.301649 -5.105913
25.543561 -5.117720
24.772645 -5.129726
24.117351 -5.139932
23.295026 -5.152739
22.626879 -5.163145
21.830259 -5.175551
20.982229 -5.188759
20.365466 -5.198364
19.645935 -5.209570
18.836462 -5.222177
18.014137 -5.234984
17.076166 -5.249592
15.778429 -5.269803
15.007488 -5.281810
14.249400 -5.293617
13.452780 -5.306023
12.681839 -5.318030
11.910924 -5.330037
11.255629 -5.340242
10.407599 -5.353450
9.636658 -5.365456
8.891422 -5.377063
8.146186 -5.388669
7.336714 -5.401276
6.398743 -5.415884
5.229479 -5.434094
4.368622 -5.447502
3.661918 -5.458508
2.711120 -5.473316
2.004416 -5.484322
1.413383 -5.493527
0.565353 -5.506734
-0.925119 -5.529947
-1.721764 -5.542354
-2.454148 -5.553760
-3.096590 -5.563766
-4.060266 -5.578774
-4.741240 -5.589380
-5.486476 -5.600986
-6.218860 -5.612393
-7.812126 -5.637206
-8.467420 -5.647412
-9.212656 -5.659018
-9.880803 -5.669424
-10.536098 -5.679630
-11.448364 -5.693838
-12.180748 -5.705244
-13.028778 -5.718451
-13.709777 -5.729057
-14.416456 -5.740063
-15.251633 -5.753070
-16.112515 -5.766478
-16.780662 -5.776884
-18.296839 -5.800497
-19.054928 -5.812303
-19.735902 -5.822909
-20.545400 -5.835516
-21.290636 -5.847123
-22.048724 -5.858929
-22.819639 -5.870936
-23.603433 -5.883142
-24.322964 -5.894349
-25.183846 -5.907756
-25.890525 -5.918762
-26.635761 -5.930368
-27.445259 -5.942976
-28.190495 -5.954582
-28.820085 -5.964387
-29.745203 -5.978795
-30.439055 -5.989602
-31.171439 -6.001008
-32.058000 -6.014815
-32.674763 -6.024421
-33.535645 -6.037828
-34.255177 -6.049034
-34.871914 -6.058640
-35.771353 -6.072648
-36.490885 -6.083854
-37.223268 -6.095260
-38.032766 -6.107867
-38.765150 -6.119273
-39.536091 -6.131280
-40.268474 -6.142686
-41.000858 -6.154093
-41.797478 -6.166499
-42.619828 -6.179307
-43.390744 -6.191313
-43.981802 -6.200518
-44.727038 -6.212125
-45.613625 -6.225933
-46.230362 -6.235538
-46.975598 -6.247144
-47.695155 -6.258351
-48.466070 -6.270357
-49.069981 -6.279762
-49.776659 -6.290768
-50.714631 -6.305376
-51.421335 -6.316383
-52.166571 -6.327989
-52.834718 -6.338395
-53.682748 -6.351602
-54.440836 -6.363409
-55.121810 -6.374014
-55.957013 -6.387022
-56.676544 -6.398228
-57.447485 -6.410235
-58.205573 -6.422041
-58.963662 -6.433848
-59.670340 -6.511994
-60.299930 -6.605615
-61.147960 -6.731720
-61.906048 -6.844450
-62.625605 -6.951450
-63.383693 -7.064180
-64.141756 -7.176906
-64.822756 -7.278173
-65.606549 -7.394725
-66.300401 -7.497903
-67.251199 -7.639290
-67.880814 -7.732916
-68.626050 -7.843734
-69.332729 -7.948820
-70.232168 -8.082569
-71.067346 -8.206762
-71.735493 -8.306118
-71.041641 -8.210706
-69.975197 -8.064058
-68.793081 -7.901504
-68.034992 -7.797259
-67.353993 -7.703614
-66.403169 -7.572866
-65.054048 -7.387347
-64.373049 -7.293702
-62.869724 -7.086979
-62.085931 -6.979199
-61.327843 -6.874953
-60.672548 -6.784843
-59.734577 -6.655862
-59.040751 -6.560453
-58.398308 -6.472110
-57.524574 -6.351962
-56.869279 -6.261852
-56.111191 -6.157607
-55.288866 -6.044528
-54.633571 -5.954418
-53.978277 -5.864308
-53.168779 -5.752993
-52.359306 -5.641682
-51.588365 -5.535669
-50.868834 -5.436726
-50.085041 -5.328946
-49.416894 -5.237069
-48.620274 -5.127525
-47.887865 -5.026811
-47.194038 -4.931402
-46.435950 -4.827157
-45.780655 -4.737046
-44.958330 -4.623968
-44.213094 -4.521490
-43.622036 -4.440213
-42.761154 -4.321832
-42.093007 -4.229955
-41.322066 -4.123942
-40.564003 -4.019700
-39.831594 -3.918986
-38.855091 -3.784706
-37.557354 -3.606253
-36.773561 -3.498473
-36.092562 -3.404829
-35.283089 -3.293517
-34.537853 -3.191039
-33.766912 -3.085027
-32.995972 -2.979014
-32.366382 -2.892439
-31.569762 -2.782895
-30.798821 -2.676882
-29.963643 -2.562036
-29.359733 -2.478992
-28.486024 -2.358847
-27.727935 -2.254602
-27.046936 -2.160957
-26.288848 -2.056712
-25.492227 -1.947168
-24.605640 -1.825252
-23.988903 -1.740444
-23.166578 -1.627366
-22.459874 -1.530186
-21.676106 -1.422410
-20.969402 -1.325230
-20.301255 -1.233353
-19.478930 -1.120274
-18.618048 -1.001894
-17.924221 -0.906485
-17.127576 -0.796938
-16.395192 -0.696227
-15.637104 -0.591982
-14.968957 -0.500104
-13.979601 -0.364057
-12.669012 -0.183837
-11.820982 -0.067223
-11.088599 0.033487
-10.304831 0.141264
-9.585274 0.240211
-8.840038 0.342689
-8.210448 0.429264
-7.413828 0.538808
-6.565798 0.655421
-5.884799 0.749066
-5.203800 0.842711
-4.214444 0.978758
-3.559150 1.068868
-2.865298 1.164280
-2.107235 1.268522
-1.336294 1.374535
-0.539648 1.484082
0.154178 1.579491
0.873709 1.678434
1.606093 1.779145
2.377034 1.885157
3.880358 2.091881
4.638446 2.196126
5.293741 2.286236
6.128918 2.401082
6.732803 2.484123
7.542301 2.595438
8.454568 2.720884
9.097010 2.809227
9.996424 2.932906
10.651719 3.023016
11.409807 3.127262
12.180748 3.233274
12.913131 3.333985
13.722604 3.445296
14.429283 3.542472
15.328722 3.666155
16.061106 3.766866
16.703548 3.855208
17.718608 3.994790
18.386755 4.086668
19.119139 4.187378
19.941464 4.300457
20.532522 4.381734
21.547582 4.521316
22.215704 4.613190
22.845319 4.699768
23.667644 4.812847
24.502821 4.927693
25.222352 5.026636
25.954736 5.127347
26.699972 5.229825
27.470913 5.335838
28.293238 5.448916
28.999917 5.546092
29.770857 5.652105
30.477536 5.749281
31.184240 5.846461
32.045097 5.964838
32.803186 6.069083
33.509864 6.166259
34.267953 6.270504
34.987484 6.369448
35.681336 6.464860
36.580750 6.588539
37.236044 6.678649
37.929896 6.774061
38.855015 6.901275
39.484605 6.987851
40.281225 7.097394
41.052166 7.203407
41.720313 7.295285
42.748200 7.436630
43.994553 7.608017
44.791173 7.717561
45.677760 7.839476
46.358734 7.933118
47.014028 8.023228
47.836353 8.136306
48.645851 8.247621
50.123471 8.450810
50.791593 8.542684
51.691032 8.666367
52.320622 8.752942
53.271420 8.883687
53.926715 8.973797
54.646271 9.072744
55.404334 9.176986
56.085334 9.270631
57.023305 9.399612
57.704279 9.493253
58.436662 9.593964
59.156219 9.692911
59.965692 9.804222
60.595281 9.890797
61.417606 10.003876
62.214227 10.113420
62.843842 10.199999
63.820345 10.334278
64.398550 10.413788
65.118082 10.512731
65.940407 10.625810
66.544292 10.708851
67.482263 10.837832
68.124705 10.926175
69.024119 11.049854
69.666561 11.138197
70.578853 11.263647
71.157033 11.343153
70.180530 9.525713
69.191175 7.684353
67.854881 5.197280
67.161054 3.905950
66.467203 2.614573
65.580641 0.964530
64.963904 -0.183324
64.270052 -1.474701
63.511963 -2.885634
62.805285 -4.200885
62.098606 -4.546915
61.327665 -4.558931
60.505340 -4.571748
59.837193 -4.582163
58.847838 -4.597583
57.614337 -4.616809
56.830570 -4.629025
55.237304 -4.653858
54.620566 -4.663471
53.836773 -4.675688
53.040153 -4.688104
51.588238 -4.710734
50.753061 -4.723752
50.007825 -4.735367
49.301121 -4.746382
48.491648 -4.758999
47.849206 -4.769013
47.014028 -4.782030
46.243113 -4.794046
45.626350 -4.803659
44.624142 -4.819280
44.045937 -4.828292
43.287874 -4.840108
42.594022 -4.850922
41.861638 -4.862338
41.013609 -4.875555
40.332635 -4.886169
39.548841 -4.898386
38.957783 -4.907598
38.045517 -4.921817
37.313133 -4.933233
36.683544 -4.943046
35.771277 -4.957265
35.128835 -4.967278
34.139480 -4.982699
32.944537 -5.001323
32.083654 -5.014742
31.402655 -5.025356
30.451831 -5.040176
29.192652 -5.059802
28.383179 -5.072419
27.689327 -5.083233
26.867002 -5.096051
26.108914 -5.107866
25.376530 -5.119282
24.695556 -5.129896
23.796117 -5.143915
23.140822 -5.154128
22.524085 -5.163741
21.688908 -5.176759
20.995081 -5.187573
20.236993 -5.199389
19.299022 -5.214009
18.656579 -5.224022
17.988432 -5.234436
17.127550 -5.247854
16.420871 -5.258869
15.624251 -5.271285
14.891842 -5.282701
14.133779 -5.294516
13.362838 -5.306532
12.591898 -5.318549
11.885219 -5.329563
11.101426 -5.341780
10.381894 -5.352995
9.508160 -5.366613
8.852865 -5.376827
8.056245 -5.389243
7.375246 -5.399858
6.398743 -5.415078
5.782005 -5.424691
5.139538 -5.434705
4.342917 -5.447121
3.597681 -5.458737
2.659710 -5.473356
1.965884 -5.484171
1.323442 -5.494184
0.501091 -5.507001
-0.128499 -5.516814
-1.079322 -5.531634
-1.824558 -5.543250
-2.505532 -5.553864
-3.225089 -5.565079
-4.060266 -5.578097
-4.728388 -5.588510
-5.537886 -5.601128
-6.244565 -5.612142
-6.912712 -5.622556
-7.979156 -5.639178
-9.289745 -5.659606
-9.983597 -5.670420
-10.870159 -5.684239
-11.615395 -5.695854
-12.322099 -5.706869
-13.182981 -5.720287
-14.532102 -5.741315
-15.315895 -5.753532
-16.035426 -5.764747
-16.883456 -5.777965
-17.564456 -5.788579
-18.463870 -5.802598
-19.209106 -5.814213
-19.851548 -5.824227
-20.583931 -5.835642
-21.277783 -5.846457
-22.241459 -5.861477
-22.883901 -5.871490
-23.706226 -5.884307
-24.438610 -5.895723
-25.209551 -5.907739
-25.967639 -5.919555
-26.777112 -5.932172
-27.496643 -5.943387
-28.306141 -5.956004
-29.102761 -5.968420
-29.758056 -5.978634
-30.567528 -5.991251
-31.325617 -6.003067
-32.045173 -6.014282
-32.726147 -6.024896
-33.561325 -6.037913
-34.280881 -6.049129
-34.987560 -6.060143
-35.912679 -6.074563
-36.632236 -6.085778
-37.364619 -6.097193
-38.174092 -6.109810
-38.906475 -6.121225
-39.536091 -6.131039
-40.396947 -6.144456
-41.142183 -6.156072
-41.925977 -6.168289
-42.581271 -6.178502
-43.313655 -6.189918
-44.084596 -6.201934
-44.829832 -6.213549
-45.613625 -6.225766
-46.268919 -6.235980
-47.206891 -6.250599
-48.504627 -6.270826
-49.365510 -6.284244
-50.033657 -6.294658
-50.778893 -6.306274
-51.549808 -6.318290
-52.269365 -6.329505
-52.988896 -6.340720
-53.914015 -6.355139
-54.556457 -6.365153
-55.327398 -6.377169
-56.059781 -6.388584
-56.702249 -6.398598
-57.588810 -6.412416
-58.282662 -6.423231
-59.002193 -6.434446
-59.798839 -6.531102
-60.454134 -6.628546
-61.173665 -6.735542
-61.970310 -6.854006
-62.728373 -6.966732
-63.409373 -7.067999
-64.462990 -7.224675
-65.760727 -7.417652
-66.416022 -7.515096
-67.302609 -7.646935
-68.150638 -7.773039
-69.448375 -7.966017
-70.283553 -8.090210
-71.748345 -8.308029
-70.848906 -8.184346
-69.564021 -8.007659
-68.767376 -7.898111
-68.124934 -7.809768
-67.405402 -7.710824
-66.570225 -7.595977
-65.850668 -7.497030
-65.105432 -7.394551
-64.450138 -7.304440
-62.959666 -7.099483
-62.163020 -6.989935
-61.327843 -6.875088
-60.595459 -6.774377
-59.837371 -6.670131
-59.066430 -6.564118
-58.398308 -6.472243
-57.614515 -6.364462
-56.907811 -6.267282
-56.059781 -6.150668
-55.340250 -6.051724
-54.684955 -5.961614
-53.914015 -5.855600
-53.297277 -5.770792
-52.397838 -5.647108
-51.626922 -5.541099
-50.907366 -5.442151
-50.264924 -5.353808
-49.352657 -5.228361
-48.645953 -5.131181
-47.952127 -5.035771
-47.206891 -4.933293
-46.346008 -4.814911
-45.048272 -4.636457
-44.225947 -4.523378
-43.557800 -4.431500
-42.825391 -4.330785
-42.080155 -4.228307
-41.322066 -4.124061
-40.525446 -4.014516
-39.805915 -3.915572
-39.086358 -3.816625
-38.315443 -3.710615
-37.518797 -3.601067
-36.722177 -3.491522
-36.131119 -3.410245
-35.231705 -3.286565
-34.602090 -3.199986
-33.715528 -3.078073
-32.983145 -2.977362
-32.404939 -2.897852
-31.479820 -2.770637
-30.798821 -2.676992
-30.027880 -2.570978
-29.231260 -2.461434
-28.653054 -2.381924
-27.727935 -2.254709
-26.892758 -2.139863
-26.224611 -2.047985
-25.453670 -1.941971
-24.849785 -1.858930
-23.963198 -1.737014
-23.140873 -1.623935
-22.459874 -1.530289
-21.714638 -1.427811
-20.828076 -1.305898
-20.237018 -1.224621
-19.427546 -1.113309
-18.630900 -1.003761
-17.911369 -0.904817
-17.114723 -0.795269
-16.408044 -0.698092
-15.624251 -0.590311
-14.724837 -0.466631
-13.375716 -0.281112
-12.579071 -0.171564
-11.808130 -0.065550
-11.127156 0.028092
-10.317658 0.139407
-9.610979 0.236584
-8.788654 0.349663
-8.120507 0.441541
-7.362419 0.545787
-6.591478 0.651800
-5.820562 0.757810
-5.101006 0.856758
-4.407179 0.952167
-3.584854 1.065246
-2.826766 1.169492
-2.145767 1.263137
-1.310589 1.377984
-0.642442 1.469862
0.102794 1.572341
0.925119 1.685420
1.541856 1.770229
2.428443 1.892145
3.045181 1.976953
4.047388 2.114768
4.728388 2.208414
5.357978 2.294990
6.090361 2.395701
6.874154 2.503482
7.683627 2.614794
8.467420 2.722574
9.199804 2.823286
10.883011 3.054746
12.193575 3.234964
13.041605 3.351578
13.722604 3.445223
14.532077 3.556535
15.315870 3.664316
16.112490 3.773861
16.870578 3.878107
17.744313 3.998255
18.412435 4.090130
19.196228 4.197911
20.018553 4.310990
21.611819 4.530083
22.267113 4.620193
23.025202 4.724439
23.796117 4.830449
24.502821 4.927629
25.260910 5.031875
26.006120 5.134350
26.738529 5.235065
27.509445 5.341075
28.151887 5.429418
29.115563 5.561935
29.835094 5.660879
30.541773 5.758055
31.364123 5.871138
32.045097 5.964780
32.880275 6.079627
33.509864 6.166203
34.280805 6.272216
35.077425 6.381761
35.822661 6.484239
36.542218 6.583187
37.274602 6.683898
38.019838 6.786377
38.777901 6.890619
39.548841 6.996632
40.332635 7.104413
41.116402 7.212190
41.797402 7.305836
42.735373 7.434818
43.403495 7.526692
44.084494 7.620338
44.855435 7.726351
45.600671 7.828830
46.358734 7.933072
47.091117 8.033783
47.926295 8.148630
48.684383 8.252876
49.365383 8.346521
50.226239 8.464899
50.894386 8.556777
51.716711 8.669856
52.500505 8.777637
53.232888 8.878348
53.965272 8.979060
54.761892 9.088604
55.532833 9.194618
56.252364 9.293562
57.036157 9.401342
57.845630 9.512654
58.526604 9.606296
59.246160 9.705243
59.991396 9.807722
60.775164 9.915499
61.558957 10.023280
62.342725 10.131057
63.075109 10.231769
63.858902 10.339549
65.246555 10.530368
65.991791 10.632846
66.904057 10.758294
67.533672 10.844873
68.227499 10.940282
69.191175 11.072799
69.782207 11.154073
70.553148 11.260086
71.349768 11.369631
71.966506 11.454439
72.814536 11.571053
73.521240 11.668233
74.253623 11.768945
75.050244 11.878489
75.731243 11.972135
76.502158 12.078144
77.337336 12.192991
78.121129 12.300772
78.737866 12.385580
79.470250 12.486292
80.305427 12.601138
81.860136 12.814929
82.515431 12.905040
83.222109 13.002216
84.070139 13.118830
84.674024 13.201871
85.560611 13.323787
86.395763 13.438631
87.012526 13.523443
87.732057 13.622387
88.657176 13.749601
89.299618 13.837944
90.173327 13.958090
90.892859 14.057034
91.740888 14.173648
92.511829 14.279661
93.218508 14.376838
94.002301 14.484618
94.811774 14.595930
95.621246 14.707242
96.366482 14.809721
97.163103 14.919265
97.844102 15.012911
98.704959 15.131289
100.233988 15.341548
100.992051 15.445790
101.814376 15.503667
102.405434 15.506315
103.459026 15.511036
104.808172 15.517082
105.656177 15.520882
106.427118 15.524337
107.223738 15.527906
107.930442 15.531073
108.611416 15.534124
109.343800 15.537406
110.217534 15.541322
110.821419 15.544028
111.630892 15.547655
112.401833 15.551109
113.018570 15.553873
113.905132 15.557846
112.710189 13.333852
112.080599 12.162077
111.271126 10.655510
110.654389 9.507656
109.896300 8.096723
109.189622 6.781473
108.405828 5.322699
107.789091 4.174845
107.133796 2.955229
106.311471 1.424741
105.681882 0.252967
104.705379 -1.564473
104.101468 -2.688454
103.369085 -4.051545
102.623874 -4.544385
101.737287 -4.554756
101.017756 -4.563174
100.336756 -4.571140
99.681487 -4.578805
98.756368 -4.589627
98.023985 -4.598195
97.330133 -4.606311
96.572070 -4.615179
95.929628 -4.622694
95.132982 -4.632013
94.272125 -4.642084
93.616831 -4.649749
92.781653 -4.659519
92.087802 -4.667636
91.406828 -4.675602
90.468856 -4.686574
89.864971 -4.693639
89.055473 -4.703108
88.284558 -4.712126
87.603559 -4.720092
86.845496 -4.728960
86.061702 -4.738129
85.277935 -4.747298
84.506994 -4.756316
83.530491 -4.767739
82.284138 -4.782319
81.526050 -4.791187
80.767987 -4.800055
79.881400 -4.810426
79.277515 -4.817490
78.519426 -4.826358
77.787043 -4.834926
77.183158 -4.841990
76.270891 -4.852662
75.487098 -4.861831
74.806124 -4.869797
74.048036 -4.878665
73.328505 -4.887082
72.583269 -4.895799
71.709534 -4.906020
71.067092 -4.913536
70.270472 -4.922855
69.332500 -4.933827
67.957675 -4.949910
67.173907 -4.959078
66.505760 -4.966894
65.619173 -4.977265
64.886789 -4.985833
64.167258 -4.994250
63.460579 -5.002516
62.522608 -5.013489
61.212019 -5.028820
60.364014 -5.038740
58.873542 -5.056176
58.205395 -5.063992
57.473012 -5.072559
56.637834 -5.082329
55.956835 -5.090295
55.198772 -5.099163
54.325037 -5.109384
53.669743 -5.117049
52.834565 -5.126819
52.076477 -5.135687
51.254152 -5.145307
50.586030 -5.153123
49.725148 -5.163193
49.082706 -5.170709
48.337470 -5.179426
47.489440 -5.189347
46.769909 -5.197764
45.934732 -5.207533
45.266585 -5.215349
44.521349 -5.224067
43.660492 -5.234137
42.953788 -5.242404
42.285641 -5.250220
41.386227 -5.260742
40.743784 -5.268257
39.908607 -5.278027
39.124839 -5.287195
38.430987 -5.295312
37.660072 -5.304330
36.863426 -5.313649
36.092486 -5.322668
35.372954 -5.331085
34.666276 -5.339352
33.908187 -5.348220
33.111567 -5.357539
32.379183 -5.366106
31.633947 -5.374824
30.747360 -5.385195
30.066386 -5.393161
29.398239 -5.400977
28.563062 -5.410747
27.920620 -5.418262
26.918412 -5.429986
26.327354 -5.436900
25.620675 -5.445167
24.824030 -5.454486
24.053114 -5.463504
23.282173 -5.472523
22.588322 -5.480639
21.843086 -5.489357
20.995081 -5.499277
20.249845 -5.507995
19.530289 -5.516412
18.797905 -5.524979
18.001285 -5.534298
17.230344 -5.543317
16.305225 -5.554139
15.688488 -5.561353
14.917547 -5.570372
14.172311 -5.579089
13.465632 -5.587356
12.566193 -5.597878
11.833809 -5.606445
11.088573 -5.615163
10.458983 -5.622528
9.662363 -5.631847
8.788629 -5.642068
8.081950 -5.650334
7.195363 -5.660706
6.540068 -5.668371
5.782005 -5.677239
5.062449 -5.685656
4.342917 -5.694074
3.482035 -5.704144
2.685415 -5.713463
1.978711 -5.721730
1.246327 -5.730297
0.411150 -5.740067
-0.334086 -5.748785
-1.914500 -5.767273
-2.621178 -5.775539
-3.302178 -5.783506
-4.034561 -5.792073
-4.651299 -5.799288
-5.602122 -5.810410
-6.347358 -5.819128
-7.079742 -5.827696
-7.799273 -5.836113
-8.557362 -5.844981
-9.302598 -5.853698
-10.034981 -5.862266
-10.767390 -5.870834
-11.525453 -5.879701
-12.412040 -5.890073
-13.144424 -5.898640
-13.953896 -5.908109
-14.699132 -5.916827
-15.444368 -5.925545
-16.189604 -5.934262
-16.896309 -5.942529
-17.654397 -5.951398
-18.335371 -5.959364
-19.247663 -5.970036
-19.915784 -5.977851
-20.802371 -5.988223
-21.444814 -5.995738
-22.125813 -6.003704
-23.050932 -6.014526
-23.719079 -6.022342
-24.528551 -6.031811
-25.273787 -6.040529
-26.121817 -6.050449
-26.879906 -6.059317
-27.612289 -6.067885
-28.383230 -6.076903
-29.154171 -6.085922
-29.835145 -6.093888
-30.670322 -6.103658
-31.402706 -6.112225
-32.199351 -6.121544
-32.906030 -6.129811
-33.831174 -6.140633
-34.435059 -6.147697
-35.206000 -6.156716
-35.899827 -6.164832
-36.670767 -6.173851
-37.403151 -6.182418
-38.264033 -6.192489
-38.983564 -6.200906
-39.677416 -6.209022
-40.538298 -6.219093
-41.193593 -6.226759
-42.093007 -6.237280
-42.774006 -6.245246
-43.429301 -6.252912
-44.380125 -6.264035
-45.716419 -6.279666
-46.577275 -6.289737
-47.939274 -6.305669
-48.735894 -6.314988
-49.493983 -6.323856
-50.997307 -6.341442
-51.665454 -6.349258
-52.423543 -6.358126
-53.258720 -6.367896
-53.952572 -6.376013
-54.710660 -6.384881
-55.494428 -6.394049
-56.149723 -6.401715
-56.972073 -6.411335
-57.794398 -6.420954
-58.372604 -6.427718
-59.246338 -6.448943
-59.953017 -6.554028
-60.878136 -6.691596
-61.520578 -6.787129
-62.227282 -6.892218
-62.959666 -7.001126
-63.781991 -7.123408
-64.475843 -7.226586
-65.413814 -7.366065
-66.775787 -7.568595
-67.456787 -7.669861
-68.291964 -7.794055
-68.998668 -7.899144
-69.808141 -8.019515
-70.540550 -8.128426
-71.272933 -8.237334
-72.403640 -8.405473
-73.637140 -8.588898
-74.356671 -8.695895
-74.986261 -8.789517
-76.039878 -8.946193
-77.389025 -9.146815
-78.224202 -9.271008
-78.840940 -9.362719
-79.714674 -9.492646
-80.447058 -9.601554
-81.179467 -9.710465
-81.873293 -9.813639
-82.695644 -9.935925
-83.402322 -10.041010
-84.044765 -10.136543
-84.944204 -10.270293
-86.524617 -10.505305
-87.141380 -10.597019
-87.886616 -10.707838
-88.554763 -10.807194
-89.454177 -10.940939
-90.173734 -11.047939
-90.880413 -11.153025
-91.702738 -11.275307
-92.460826 -11.388037
-93.141825 -11.489303
-94.028412 -11.621142
-94.773648 -11.731960
-95.531737 -11.844690
-96.328382 -11.963154
-97.022209 -12.066328
-97.806002 -12.182880
-98.628327 -12.305163
-99.347884 -12.412163
-100.003178 -12.509607
-100.915445 -12.645264
-101.776327 -12.773280
-102.367385 -12.861172
-103.215415 -12.987276
-103.986355 -13.101918
-104.744444 -12.411394
-105.502532 -11.974639
-106.299152 -11.974639
-106.954472 -11.974639
-107.789650 -11.974639
-108.637680 -11.974639
-109.344358 -11.974639
-110.141004 -11.974639
-111.567239 -11.974639
-112.389564 -11.974639
-113.199062 -11.974639
-113.880062 -11.974639
-114.753796 -11.974639
-113.635917 -10.046479
-113.032032 -9.004876
-112.325328 -7.785926
-111.605797 -6.544852
-110.860535 -5.259397
-110.076767 -3.907525
-109.485709 -2.888046
-108.534886 -1.248030
-107.725388 0.148222
-107.031561 1.344960
-106.324857 2.563910
-105.631031 3.760647
-104.860090 5.090395
-104.089149 6.339087
-103.331061 6.400453
-102.534415 6.464941
-101.853416 6.520067
-101.056796 6.584552
-100.414328 6.636559
-99.617708 6.701045
-99.039502 6.747850
-98.062974 6.826898
-97.304885 6.888265
-96.611059 6.944429
-95.814413 7.008916
-95.133414 7.064043
-94.336794 7.128528
-93.540148 7.193015
-92.782060 7.254382
-92.178149 7.303267
-91.317293 7.372953
-90.533499 7.436400
-89.813943 7.494647
-88.991618 7.561213
-88.310618 7.616339
-87.308411 7.697467
-86.113468 7.794196
-85.419616 7.850362
-84.687232 7.909648
-83.762088 7.984537
-83.106793 8.037582
-82.361557 8.097908
-81.693410 8.151994
-80.883938 8.217520
-79.997351 8.289288
-78.648230 8.398497
-78.018615 8.449464
-77.003554 8.531632
-76.322555 8.586758
-75.628729 8.642922
-74.844935 8.706369
-74.061142 8.769816
-73.341611 8.828062
-72.647759 8.884228
-71.928228 8.942473
-71.003109 9.017360
-69.589726 9.131772
-68.805933 9.195219
-68.086402 9.253464
-67.418255 9.307550
-66.441726 9.386599
-65.670786 9.449005
-65.054048 9.498929
-64.321665 9.558215
-63.435078 9.629983
-62.664137 9.692390
-61.970310 9.748554
-61.045166 9.823443
-60.402724 9.875448
-59.798839 9.924332
-58.822311 10.003381
-58.231253 10.051226
-57.383223 10.119873
-56.663692 10.178118
-55.700016 10.256126
-55.121810 10.302932
-54.325190 10.367417
-53.554249 10.429824
-52.025220 10.553597
-51.408482 10.603521
-50.637542 10.665927
-49.892306 10.726253
-49.108512 10.789700
-48.337597 10.852105
-47.553804 10.915552
-46.847125 10.972757
-46.089037 11.034123
-45.446569 11.086130
-44.637096 11.151656
-43.737682 11.224462
-43.159477 11.271267
-42.350004 11.336793
-41.643300 11.394000
-40.833827 11.459526
-40.062887 11.521932
-39.356182 11.579139
-38.700888 11.632184
-37.878563 11.698751
-37.043385 11.766357
-36.233913 11.831883
-35.552913 11.887009
-34.743441 11.952535
-34.023884 12.010782
-33.252969 12.073187
-32.597674 12.126232
-31.826733 12.188639
-30.811673 12.270806
-30.233468 12.317611
-29.462527 12.380018
-28.704438 12.441384
-28.023464 12.496508
-27.124025 12.569317
-26.314552 12.634843
-25.569316 12.695169
-24.811228 12.756535
-23.924666 12.828301
-22.588372 12.936472
-21.791727 13.000960
-21.136432 13.054005
-20.057135 13.141373
-18.772251 13.245383
-17.975605 13.309870
-17.294631 13.364994
-16.485133 13.430522
-15.637104 13.499169
-14.956130 13.554293
-14.223721 13.613580
-13.285775 13.689506
-12.669012 13.739432
-11.833835 13.807039
-11.152835 13.862165
-10.446156 13.919369
-9.688068 13.980736
-8.891448 14.045221
-8.056270 14.112828
-7.349566 14.170034
-6.655740 14.226199
-5.846242 14.291727
-5.126711 14.349972
-4.407179 14.408217
-3.584854 14.474783
-2.826766 14.536149
-2.132914 14.592316
-1.387678 14.652642
-0.565353 14.719208
0.051384 14.769132
0.848030 14.833620
1.683207 14.901226
2.377034 14.957390
3.135122 15.018757
3.944595 15.084283
4.728388 15.147730
5.422214 15.203894
6.180303 15.265260
6.925539 15.325586
7.670775 15.385912
8.544509 15.456640
9.225483 15.511764
10.009276 15.566259
10.664571 15.566469
11.461191 15.566724
12.309221 15.566995
13.015925 15.567222
13.851103 15.567489
14.519224 15.567703
15.431516 15.567994
16.202431 15.568241
16.921988 15.568471
16.048253 13.942301
