# best objective after each generation, last line after the polish | 38 generations run of 100 (GA)
0.31833516873865597
0.2919623436669171
0.2861986661503895
0.2672918882499263
0.2672918882499263
0.2672918882499263
0.2672918882499263
0.263087355648308
0.2573085763184201
0.2573085763184201
0.2573085763184201
0.2560836872405966
0.2560836872405966
0.2560836872405966
0.2560836872405966
0.2523118304025196
0.2523118304025196
0.2391899705720073
0.2391899705720073
0.2391899705720073
0.2391899705720073
0.2391899705720073
0.23311873665795552
0.23311873665795552
0.22716046708761928
0.22716046708761928
0.22716046708761928
0.22716046708761928
0.22349327816791775
0.22349327816791775
0.22349327816791775
0.22349327816791775
0.22349327816791775
0.22349327816791775
0.22349327816791775
0.22349327816791775
0.22349327816791775
0.22349327816791775
0.20196950008869557
